data-raw/wwl Heksenlaak/RasterHeks/output/dmgtot-__-1981-2010.asc
NCOLS 100 
NROWS 100 
XLLCORNER 226500 
YLLCORNER 460500 
CELLSIZE 25 
NODATA_value -9999 
[rows 0 to 37 of 100, columns 0 to 85 of 100]
4.900000000000000 4.9 4.9 2.3 2.3 2.3 2.3 2.3 2.3 -9999 -9999 1 10.6 10.5 10.8 10.8 9.8 10.6 -9999 9.7 -9999 5.1 1.8 2.1 2 2.1 3 3.6 7.7 7.9 1.2 1.3 1.7 1.7 1.6 1.4 1.3 1.2 0.9 1.5 1.1 14.1 10.9 10.7 7.8 9.1 16 -9999 -9999 -9999 6 16.9 11.5 10.1 8.3 9.7 11.6 1 2.1 4.7 4.8 4.9 4.8 3.5 15.8 14.2 12.6 1.3 1.2 0.8 1.2 -9999 16.1 18 27.6 30.1 21 16.7 13.3 12.7 12.2 12.1 12.2 12.1 12.3 12.8
4.9 4.9 4.9 4.9 -9999 -9999 2.3 2.3 -9999 -9999 -9999 1.6 1 1.1 11.4 11.8 11.1 -9999 -9999 10.2 -9999 9.8 18.5 17.9 5.5 5.5 5.5 7.4 7.2 7.1 2.3 2.7 2 1.3 1.3 1.2 -9999 -9999 1.7 -9999 0.7 1.1 1.2 12 9.1 11.1 7.4 -9999 -9999 14.9 9.5 6.1 6.8 14.1 12.9 10.1 9 0.8 2.1 4.6 4.8 4.9 4.8 4.7 2.3 15.6 13.2 12.6 1.2 0.7 1.3 -9999 15.3 13.5 15.2 19.2 34.2 17.7 13.2 12.7 12.3 12.1 12.1 12.4 12.8 13.8
4.9 4.9 4.9 4.9 -9999 -9999 2.3 -9999 -9999 -9999 2.3 2.3 1.5 1.1 1.1 1.1 12.4 -9999 -9999 11.7 11.3 11.2 19.2 17.9 17.7 19.2 6.2 7.9 7.9 6.9 2 2 3.5 3.6 3.5 4.5 -9999 2.3 -9999 -9999 2.3 2.3 2.3 1.2 1.2 9.9 -9999 -9999 -9999 9 -9999 -9999 -9999 6.2 6.1 6.2 8.2 13.8 2.3 4.8 4.8 4.9 4.9 4.8 2.3 15.8 14.8 12.7 1.2 0.9 1.3 -9999 16.2 13 15.5 22.1 24.6 17.9 13.5 12.7 12.3 12.2 12.4 12.7 13 19.6
4.9 4.9 4.9 -9999 -9999 4.9 2.3 -9999 -9999 -9999 2.3 2.3 2.3 2.3 1.5 1.6 1.2 -9999 -9999 -9999 13.6 22.4 21.4 19.8 -9999 -9999 -9999 19.6 6.6 2.1 1.8 2 3.2 3.5 3.7 4.4 -9999 -9999 4.8 2.3 -9999 -9999 -9999 -9999 1.7 1.6 1.3 2.6 -9999 -9999 8.1 -9999 -9999 -9999 6.2 -9999 8.9 12.8 2.3 4.8 4.8 4.9 4.9 4.8 2.3 2 15.1 13.2 1.2 1 -9999 2.3 15.5 12.6 14 19 14.7 16.4 6.5 9.6 12.5 12.5 12.8 13 17.4 21.8
4.9 4.9 4.9 -9999 4.9 4.9 4.9 4.9 -9999 -9999 2.3 2.3 2.3 2.3 2.3 -9999 2.3 2.3 1.7 -9999 24.3 23.9 23 21.9 -9999 -9999 20.6 20.3 19.5 11.3 11 2 2 2 2.5 3.8 -9999 -9999 4.1 -9999 4.8 -9999 -9999 2.3 2.3 2.3 1.2 1.3 1.3 2 16.8 23.1 8.5 6.3 7.4 7.2 8.3 1.4 1.8 4.8 4.9 4.9 4.8 3.3 2.2 1.4 14.9 12.7 1.2 0.8 1.3 9.9 15.7 12.5 13.5 20.2 13.4 6.9 6 7.8 10.4 12.8 12.9 15.5 15.8 17.1
4.9 4.9 -9999 4.9 4.9 4.9 4.9 4.9 4.9 2.3 2.3 2.3 2.3 2.3 2.3 -9999 -9999 2.3 2.3 2.3 3.6 24.8 24.5 24 23.3 22.8 21.4 19.6 21.1 21.2 21 19.6 10.8 2 1.7 2.2 3.6 4.3 4.6 -9999 -9999 4.5 4.8 -9999 2.3 -9999 2.3 1.1 0.8 1.2 1.5 1.7 2.2 8.4 9.1 8.5 9.8 1.8 0.8 4.7 4.9 4.9 4.8 4.6 2.2 0.8 1 0.9 -9999 -9999 0.8 15.9 13.7 12.5 13.4 16.4 10.4 6.8 6.3 6.9 8.5 8.3 13.8 14.7 14.4 13.8
4.9 -9999 -9999 4.9 4.9 4.9 4.9 4.9 4.9 4.9 2.3 2.3 2.3 2.3 2.3 2.3 2.3 2.3 2.3 2.3 4.9 4.9 4.9 24.8 24.5 23.5 21.3 19.2 20.6 21.4 21.5 21.4 19.7 11.5 -9999 3 3.4 -9999 -9999 -9999 -9999 2 3.5 14.7 -9999 2.3 2.3 2.3 2.2 1.5 2.3 1.6 1.3 2.1 3 1.6 1.7 1.8 3.8 3.5 4.9 4.9 4.8 4.2 2.2 0.9 1.6 -9999 -9999 -9999 -9999 18.3 13.6 12.5 13.5 16.1 8.7 21.1 9.8 6.3 7.7 7.4 14.9 15.2 14.1 13.4
4.9 -9999 -9999 4.9 4.9 4.9 4.9 4.9 4.9 4.9 4.9 4.9 2.3 2.3 2.3 2.3 2.3 2.3 2.3 4.9 4.9 4.9 4.9 4.9 4.7 24.3 20.9 19.1 19.5 21.4 21.6 21.7 11.2 11.7 -9999 -9999 -9999 -9999 -9999 -9999 3.6 2 2 2.6 14.5 14.7 2.3 2.3 2.3 2.3 2.3 2.3 2.3 1.6 1.3 1.5 1.2 1.3 4.3 2.1 4.9 4.9 4.8 3.9 2.3 1.7 2.3 2.3 -9999 -9999 -9999 37.3 13.3 12.6 13.7 15.7 8.7 20.3 8 7.9 7.3 6.3 6.2 14.8 14.1 13.6
4.9 -9999 -9999 4.9 4.9 4.9 4.9 4.9 4.9 4.9 4.9 4.9 4.9 4.9 2.3 2.3 2.3 2.3 2.3 4.9 4.9 4.9 4.9 4.9 4.9 4.7 1.9 19.7 19.6 20.6 20.6 20.7 12.2 12.2 13.1 -9999 13.3 -9999 -9999 -9999 3.3 2 -9999 12.9 14 14.7 -9999 2.3 2.3 2.3 2.3 2.3 2.3 2.3 2.3 1.5 1.1 3.7 4.4 1.9 4.9 4.9 4.8 4.6 2.3 2.3 2.3 2.3 2.3 2.2 1.1 13.5 12.7 13.2 14.7 16.1 9.9 21.3 13 6.3 8.9 6.2 9.6 16.7 14.7 13.9
4.9 -9999 4.9 4.9 4.9 4.9 4.9 4.9 4.9 4.9 4.9 4.9 4.9 4.9 4.9 -9999 2.3 2.3 2.3 4.9 4.9 4.9 4.9 4.9 4.9 4.9 4.8 2.5 2.5 20.7 21.3 21.6 13.1 12.8 13.5 13.2 12.8 12.7 -9999 13.5 3.6 3.2 3.4 -9999 -9999 13.8 -9999 14.7 2.3 2.3 2.3 2.3 2.3 2.3 2.3 2.3 2.3 1.9 2.3 2.9 4.9 2.3 2.3 2.3 2.3 2.3 2.3 2.3 2.3 1.5 1.3 13 13.2 12.9 13.2 13.6 7 6.4 6.1 6.1 7 11.3 18 32.1 20.9 16.3
-9999 -9999 4.9 4.9 4.9 4.9 4.9 4.9 4.9 4.9 4.9 4.9 4.9 4.9 -9999 -9999 -9999 -9999 -9999 4.9 4.9 4.9 4.9 4.9 4.9 4.9 4.9 4.9 4.9 2.2 2 13.1 13 13.4 13.8 13.1 13 13.3 14.1 -9999 -9999 12.3 11.5 -9999 -9999 13.7 11.5 13.5 2.3 2.3 2.3 2.3 2.3 2.3 2.3 2.3 4.9 4.9 2.2 2.3 2.3 2.3 2.3 2.3 2.3 2.3 2.3 2.3 2 1.2 12.8 13.3 14.4 15.6 15.8 18.6 12.9 13.8 9.6 16.1 15.4 25.5 10.6 29.2 41.4 30.8
-9999 -9999 4.9 4.9 4.9 4.9 4.9 4.9 4.9 4.9 4.9 4.9 4.9 4.9 -9999 -9999 -9999 -9999 -9999 -9999 4.9 4.9 4.9 4.9 4.9 4.9 4.9 4.9 4.9 4.9 4.9 2.3 2 1.5 13.3 12.9 13.2 14.2 14.4 14.3 14 13.4 11.9 13.2 -9999 12.6 12.8 13 14.1 2.3 2.3 2.3 2.3 2.3 2.3 2.3 4.9 4.9 4.8 2.3 2.3 2.3 2.3 2.3 2.3 2.3 2.3 2.3 1 1.2 12.7 12.9 13.6 14.3 14.8 15.4 9.7 9.9 9 19.1 12.6 18.3 11.2 18.2 24 37.8
-9999 -9999 4.9 4.9 4.9 4.9 4.9 4.9 4.9 4.9 4.9 4.9 4.9 -9999 -9999 -9999 -9999 -9999 -9999 -9999 4.9 4.9 4.9 4.9 4.9 4.9 4.9 4.9 4.9 4.9 2.3 2.3 2.3 2.3 2.3 1.4 1.3 14.6 14.6 14.4 14.4 14 -9999 13.5 11.6 12.6 -9999 13 11.5 1.6 2.3 2.3 2.3 2.3 2.3 4.9 4.9 4.9 2.3 2.3 2.3 2.3 2.3 2.3 2.3 2.3 2.3 1.5 1.1 12.6 12.6 13 13.1 13.6 14.1 15 7.9 14.2 10 20.3 11.9 12.7 23.1 23.9 18.8 22.1
-9999 -9999 44.4 4.9 4.9 4.9 4.9 4.9 4.9 4.9 4.9 4.9 4.9 4.9 4.9 -9999 -9999 -9999 -9999 -9999 4.9 4.9 4.9 -9999 -9999 -9999 -9999 4.9 4.9 4.9 2.3 2.3 2.3 2.3 2.3 2.3 2.3 2.3 2.3 2.3 14.7 14.6 14.5 14.3 13.9 13.4 13.4 13 12 10.3 1 2.3 -9999 2.3 2.3 4.9 4.9 4.9 2.3 2.3 2.3 2.3 2.3 2.3 2.3 2.3 2.3 1.2 1.2 12.6 12.6 13 13.5 13.7 13.7 15.3 9 15.4 6.9 6.8 7.8 10.2 18 21.4 22.5 22.9
-9999 -9999 -9999 -9999 44.4 44.4 4.9 4.9 4.9 4.9 4.9 4.9 4.9 4.9 4.9 4.9 -9999 -9999 -9999 4.9 4.9 4.9 4.9 -9999 -9999 -9999 -9999 -9999 -9999 2.3 2.3 2.3 2.3 2.3 2.3 2.3 2.3 2.3 2.3 2.3 2.3 2.3 2.3 14.7 14.5 14.3 -9999 -9999 -9999 11.6 10.5 0.9 -9999 -9999 4.9 4.9 4.9 2.3 2.3 2.3 2.3 2.3 2.3 2.3 2.3 2.3 2.3 1.1 12.8 12.7 12.6 13.1 13.6 13.7 14 8 13.3 25.6 6.1 7.7 8 8 15.8 15.7 14.9 14.7
-9999 -9999 -9999 -9999 -9999 -9999 44.4 44.4 44.4 4.9 4.9 4.9 4.9 4.9 4.9 4.9 2.3 -9999 -9999 4.9 4.9 4.9 -9999 -9999 -9999 -9999 -9999 -9999 -9999 -9999 2.3 2.3 2.3 2.3 2.3 2.3 2.3 2.3 2.3 2.3 2.3 2.3 2.3 2.3 2.3 2.3 2.3 -9999 12.8 11.7 12.6 10.3 13.7 2.3 4.9 4.9 4.9 2.3 2.3 2.3 2.3 2.3 2.3 2.3 2.3 2.3 2.3 15 12.6 12.6 12.7 13.4 13.8 13.9 14.6 8.1 11.9 19.6 6.1 8 8.5 14 14.1 14.9 13 -9999
-9999 -9999 -9999 -9999 -9999 -9999 -9999 -9999 44.4 44.4 44.4 44.4 4.9 4.9 4.9 2.3 2.3 27 -9999 44.4 4.9 4.9 -9999 -9999 -9999 -9999 -9999 -9999 -9999 -9999 -9999 -9999 2.3 2.3 2.3 2.3 2.3 2.3 2.3 2.3 2.3 2.3 2.3 2.3 2.3 2.3 2.3 2.3 1.3 1.1 13.7 13.2 -9999 24.5 4.9 4.9 2.3 2.3 2.3 2.3 2.3 2.3 2.3 2.3 2.3 2.3 1.5 14.2 13.3 13.3 13.7 17.8 14.1 14 14.4 8.1 11.4 19.2 5.9 8.8 9.2 12.9 12.3 1.6 1.9 1.8
-9999 -9999 -9999 -9999 -9999 -9999 -9999 -9999 -9999 -9999 44.4 44.4 44.4 44.4 4.9 2.3 27 27 -9999 44.4 44.4 4.9 -9999 -9999 -9999 -9999 -9999 -9999 -9999 -9999 -9999 2.3 2.3 4.9 4.9 4.9 2.3 2.3 2.3 2.3 2.3 2.3 2.3 2.3 2.3 2.3 2.3 2.3 -9999 -9999 -9999 -9999 -9999 1.9 -9999 2.3 2.3 2.3 2.3 2.3 2.3 2.3 2.3 2.3 2.3 1.6 15.4 12 16.9 14.3 15.9 31.2 15.6 14.3 14 8.3 10.4 19.7 6.9 10.9 10.9 12.5 1.6 1.9 1.6 1.5
-9999 -9999 -9999 -9999 -9999 -9999 -9999 -9999 -9999 -9999 -9999 -9999 44.4 44.4 27 27 27 -9999 -9999 -9999 -9999 -9999 -9999 -9999 -9999 -9999 -9999 -9999 -9999 -9999 -9999 4.9 4.9 4.9 4.9 4.9 4.9 2.3 2.3 2.3 2.3 2.3 2.3 2.3 2.3 2.3 2.3 2.3 2.3 -9999 -9999 -9999 1.6 2.3 2.3 2.3 2.3 2.3 2.3 2.3 2.3 2.3 2.3 1.6 1.3 15 12.6 12.7 12 12.2 12.9 45.9 19.7 15.6 8.5 8.2 11.6 7.4 10.7 11.3 11.8 12.3 1.6 2 2.1 1.6
-9999 -9999 -9999 -9999 -9999 -9999 -9999 -9999 -9999 -9999 -9999 -9999 -9999 -9999 27 27 -9999 -9999 -9999 -9999 -9999 -9999 -9999 -9999 -9999 -9999 -9999 -9999 -9999 -9999 -9999 4.9 -9999 4.9 4.9 4.9 4.9 4.9 2.3 2.3 2.3 2.3 2.3 2.3 2.3 -9999 -9999 2.3 2.1 -9999 -9999 -9999 -9999 -9999 2.3 2.3 2.3 2.3 2.3 2.3 2.3 2.3 1.7 14.9 12.8 12.7 12.8 14.3 13.8 12.7 12.5 12.4 13.4 15.3 9.8 9.1 19.6 6.3 7.2 11.2 11.5 12.1 1.8 3.6 1.2 1.1
-9999 -9999 -9999 -9999 -9999 -9999 -9999 -9999 -9999 -9999 -9999 -9999 -9999 -9999 -9999 -9999 -9999 -9999 -9999 -9999 -9999 -9999 -9999 -9999 -9999 -9999 -9999 -9999 -9999 -9999 -9999 -9999 4.9 4.9 4.9 4.9 4.9 4.9 4.9 2.3 2.3 2.3 2.3 2.3 2.3 2.3 2.3 2.3 1.5 1.5 2.3 -9999 -9999 -9999 2.2 2.3 2.3 2.3 2.3 2.3 1.7 1.4 13.4 12.7 13.1 19.4 17.3 18 25.6 12.1 13.4 13.5 13.4 12.6 11.3 7 12.1 8.7 7.4 7.2 10.5 16.6 1.6 1.4 1.1 1.3
-9999 -9999 -9999 -9999 -9999 -9999 -9999 -9999 -9999 -9999 -9999 -9999 -9999 -9999 -9999 -9999 -9999 -9999 -9999 -9999 -9999 -9999 -9999 -9999 -9999 -9999 -9999 -9999 -9999 -9999 -9999 -9999 -9999 4.9 4.9 4.9 4.9 4.9 4.9 4.9 2.3 2.3 2.3 2.3 2.3 2.3 2.3 2.3 2.3 2 1.7 -9999 -9999 -9999 2.3 2.3 2.3 2.3 2.3 1.1 2.2 14.6 13.6 14.1 16.3 17.8 20.3 26.3 13.5 12.6 13.4 13.4 12.4 12.4 11.9 9.4 6.2 7.1 7.4 8.8 16.1 18.6 2.3 2.1 1.3 0.9
-9999 -9999 -9999 -9999 -9999 -9999 -9999 -9999 -9999 -9999 -9999 -9999 -9999 -9999 -9999 -9999 -9999 -9999 -9999 -9999 -9999 -9999 -9999 -9999 -9999 -9999 -9999 -9999 -9999 -9999 -9999 -9999 -9999 4.9 4.9 4.9 4.9 4.9 4.9 4.9 2.3 2.3 2.3 2.3 2.3 2.3 2.3 2.3 1.9 2.1 1.8 -9999 -9999 -9999 2.3 2.3 2.3 2.3 2.3 1.4 16.1 13.7 13.5 14.8 15.4 16.8 19.7 33.4 13.1 13.5 13.4 13.5 12.4 12 11.5 9.6 10.2 11 25 17.9 18.6 2.3 2.3 2.3 2.3 1.1
-9999 -9999 -9999 -9999 -9999 -9999 -9999 -9999 -9999 -9999 -9999 -9999 -9999 -9999 -9999 -9999 -9999 -9999 -9999 -9999 -9999 -9999 -9999 -9999 -9999 -9999 -9999 -9999 -9999 -9999 -9999 -9999 -9999 -9999 4.9 4.9 4.9 4.9 4.9 4.9 4.9 2.3 2.3 2.3 2.3 2.3 2.3 2.3 2.3 2.3 1.7 -9999 2.3 -9999 2.3 2.3 2.3 2.3 2.3 2.1 13.9 13.4 14 15.6 16.8 15 20 13.5 13.2 15.7 15.6 11.9 11.8 14.4 11.3 8.6 14 35.4 35.1 18.5 18.6 2.3 2.3 2.3 2.3 1.5
-9999 -9999 -9999 -9999 -9999 -9999 -9999 -9999 -9999 -9999 -9999 -9999 -9999 -9999 -9999 -9999 -9999 -9999 -9999 -9999 -9999 -9999 -9999 -9999 -9999 -9999 -9999 -9999 -9999 -9999 -9999 -9999 -9999 -9999 4.9 4.9 4.9 4.9 4.9 4.9 4.9 2.3 2.3 2.3 2.3 2.3 2.3 2.3 2.3 2.3 2.3 1.7 1.7 1.5 1.3 2.3 2.3 2.3 2.3 3.4 13.6 13.3 14.2 14.5 17.1 15.2 20.8 12.9 15.4 19.1 11.8 12.1 12.5 12.2 10 8.6 7.2 24 36.9 15.2 2.3 2.3 2.3 2.3 2.3 2.3
-9999 -9999 -9999 -9999 -9999 -9999 -9999 -9999 -9999 -9999 -9999 -9999 -9999 -9999 -9999 -9999 -9999 -9999 -9999 -9999 -9999 -9999 -9999 -9999 -9999 -9999 -9999 -9999 -9999 -9999 -9999 -9999 -9999 -9999 4.9 4.9 4.9 4.9 4.9 4.9 4.9 4.9 2.3 2.3 2.3 2.3 2.3 2.2 2.3 2.3 2.3 1.7 1.5 1.5 1.9 2.3 2.3 2.3 1.5 3.1 13.3 13.3 13.4 13.5 14.5 15.3 12.5 -9999 13 12.1 12.4 12.2 15.9 23.2 9.5 8 7.1 6.4 7.6 2.1 2.3 2.3 2.3 2.3 2.3 2.3
-9999 -9999 -9999 -9999 -9999 -9999 -9999 -9999 -9999 -9999 -9999 -9999 -9999 -9999 -9999 -9999 -9999 -9999 -9999 -9999 -9999 -9999 -9999 -9999 -9999 -9999 -9999 -9999 -9999 -9999 -9999 -9999 -9999 -9999 4.9 4.9 4.9 4.9 4.9 4.9 4.9 4.9 2.3 2.3 2.3 2.3 2.3 2 2.3 2.3 2.3 2.3 1.3 1 -9999 -9999 2.3 1 1.4 2 14.2 13.2 13.3 13.7 15.4 13.1 12.1 -9999 -9999 12.8 13.5 12.5 20.6 10.3 10.4 8.2 7 6.4 6.1 2 2.3 2.3 2.3 2.3 2.3 2.3
-9999 -9999 -9999 -9999 -9999 -9999 -9999 -9999 -9999 -9999 -9999 -9999 -9999 -9999 -9999 -9999 -9999 -9999 -9999 -9999 -9999 -9999 -9999 -9999 -9999 -9999 -9999 -9999 -9999 -9999 -9999 -9999 -9999 -9999 4.9 4.9 4.9 4.9 4.9 4.9 4.9 4.9 4.9 2.3 2.3 2.3 2.3 2.3 1.7 1.9 2.2 1.5 0.9 0.8 2.2 -9999 2.3 0.9 1.4 1 1 13.2 13.3 15 13.4 12.9 -9999 -9999 -9999 -9999 -9999 8.6 -9999 12.7 8.7 8.2 8.5 8.5 7.2 1.6 2.3 2.3 2.3 2.3 2.3 2.3
-9999 -9999 -9999 -9999 -9999 -9999 -9999 -9999 -9999 -9999 -9999 -9999 -9999 -9999 -9999 -9999 -9999 -9999 -9999 -9999 -9999 -9999 -9999 -9999 -9999 -9999 -9999 -9999 -9999 -9999 -9999 -9999 -9999 -9999 4.9 4.9 4.9 4.9 4.9 4.9 4.9 4.9 4.9 2.3 2.3 2.3 2.3 2.3 1.8 18.6 -9999 -9999 -9999 14.5 14.9 -9999 16.7 1.2 1.2 0.7 1.3 1.4 13.3 13.8 12.6 -9999 -9999 -9999 -9999 -9999 -9999 -9999 -9999 -9999 11.8 14.4 11.5 12.4 12.8 2.3 2.3 2.3 2.3 2.3 2.3 2.3
-9999 -9999 -9999 -9999 -9999 -9999 -9999 -9999 -9999 -9999 -9999 -9999 -9999 -9999 -9999 -9999 -9999 -9999 -9999 -9999 -9999 -9999 -9999 -9999 -9999 -9999 -9999 -9999 -9999 -9999 -9999 -9999 -9999 -9999 -9999 4.9 4.9 4.9 4.9 4.9 4.9 4.9 4.9 2.3 2.3 2.3 2.3 2.3 2.3 18.6 -9999 -9999 -9999 13.1 9.6 7.4 7 7.3 8.9 12 10.8 11.2 11.6 11.3 -9999 -9999 -9999 -9999 6.6 6.3 38.4 33.1 36.5 30.7 13.2 12.6 12.6 13.3 2.3 2.3 2.3 2.3 2.3 2.3 2.3 2.3
-9999 -9999 -9999 -9999 -9999 -9999 -9999 -9999 -9999 -9999 -9999 -9999 -9999 -9999 -9999 -9999 -9999 -9999 -9999 -9999 -9999 -9999 -9999 -9999 -9999 -9999 -9999 -9999 -9999 -9999 -9999 -9999 -9999 -9999 -9999 4.9 4.9 4.9 4.9 4.9 4.9 4.9 4.9 2.3 2.3 2.3 2.3 1.8 18.6 18.6 -9999 -9999 -9999 13 10.5 6.9 29.5 37.5 12.6 -9999 -9999 -9999 -9999 -9999 -9999 -9999 -9999 6.3 39.6 37.9 36.4 32.4 31.3 12.5 13 14.8 14.8 16.6 2.3 2.3 2.3 2.3 2.3 2.3 2.3 2.3
-9999 -9999 -9999 -9999 -9999 -9999 -9999 -9999 -9999 -9999 -9999 -9999 -9999 -9999 -9999 -9999 -9999 -9999 -9999 -9999 -9999 -9999 -9999 -9999 -9999 -9999 -9999 -9999 -9999 -9999 -9999 -9999 -9999 -9999 -9999 -9999 4.9 4.9 4.9 4.9 4.9 4.9 2.3 2.3 2.3 2.3 2.3 18.1 17.9 17.3 15.1 12 10.8 10.4 7.5 6.1 12 -9999 -9999 -9999 -9999 -9999 -9999 -9999 -9999 -9999 -9999 -9999 36.6 43 40.4 37.2 1 2.3 2.3 17.5 -9999 2.3 2.3 2.3 2.3 2.3 2.3 2.3 2.3 2.3
-9999 -9999 -9999 -9999 -9999 -9999 -9999 -9999 -9999 -9999 -9999 -9999 -9999 -9999 -9999 -9999 -9999 -9999 -9999 -9999 -9999 -9999 -9999 -9999 -9999 -9999 -9999 -9999 -9999 -9999 -9999 -9999 -9999 -9999 2.3 -9999 4.9 4.9 4.9 4.9 4.9 2.3 2.3 2.3 2.3 2.3 -9999 18.3 17.1 14.9 13.3 11.4 8.5 8.2 7.1 6.1 41.3 -9999 -9999 -9999 -9999 -9999 -9999 -9999 -9999 -9999 -9999 -9999 -9999 41.6 43.7 1.1 2.3 2.3 2.3 2.3 -9999 2.3 2.3 2.3 2.3 2.3 2.3 2.3 2.3 2.3
-9999 -9999 -9999 -9999 -9999 -9999 -9999 -9999 -9999 -9999 -9999 -9999 -9999 -9999 -9999 -9999 -9999 -9999 -9999 -9999 -9999 -9999 -9999 -9999 -9999 -9999 -9999 -9999 -9999 -9999 -9999 -9999 -9999 2.3 2.3 2.3 -9999 4.9 4.9 4.9 4.9 2.3 2.3 2.3 2.3 2.3 -9999 18.1 17.8 13.9 12.1 10.7 9.5 8.1 6.6 7.8 40.8 48 -9999 -9999 -9999 -9999 -9999 -9999 -9999 -9999 -9999 -9999 -9999 -9999 1 2.3 2.3 2.3 2.3 2.3 -9999 2.3 2.2 2.1 1.7 1.2 1 2.3 2.3 2.3
-9999 -9999 -9999 -9999 -9999 -9999 -9999 -9999 -9999 -9999 -9999 -9999 -9999 -9999 -9999 -9999 -9999 -9999 -9999 -9999 -9999 -9999 -9999 -9999 -9999 -9999 -9999 -9999 -9999 -9999 -9999 -9999 -9999 2.3 2.3 2.3 2.3 2.3 -9999 4.9 2.3 2.3 2.3 2.3 2.3 18.6 -9999 -9999 16.1 11.4 9.4 9.6 8.9 6.9 6.1 11.1 41.2 45.1 47.5 -9999 -9999 -9999 -9999 6.2 -9999 -9999 -9999 -9999 -9999 1.1 2.3 2.3 2.3 2.3 2.3 -9999 -9999 2.3 2.3 28.4 28.5 29.4 29 2.3 2.3 2.3
-9999 -9999 -9999 -9999 -9999 -9999 -9999 -9999 -9999 -9999 -9999 -9999 -9999 -9999 -9999 -9999 -9999 -9999 -9999 -9999 -9999 -9999 -9999 -9999 -9999 -9999 -9999 -9999 -9999 -9999 -9999 -9999 -9999 2.3 2.3 2.3 2.3 -9999 -9999 -9999 -9999 -9999 -9999 18.6 18.6 18.6 16 -9999 12 10.3 -9999 8.5 7.4 6.7 6.2 11.4 44.2 31.6 -9999 10.8 -9999 -9999 6.4 -9999 -9999 -9999 -9999 -9999 1.3 2.3 2.3 2.3 2.3 2.3 2.3 -9999 1.8 29.9 30.2 30.2 30.6 30.5 30.5 16.6 2.3 2.3
-9999 -9999 -9999 -9999 -9999 -9999 -9999 -9999 -9999 -9999 -9999 -9999 -9999 -9999 -9999 -9999 -9999 -9999 -9999 -9999 -9999 -9999 -9999 -9999 -9999 -9999 -9999 -9999 -9999 -9999 -9999 -9999 -9999 2.3 2.3 2.3 2.3 -9999 -9999 -9999 -9999 2.3 2.3 18.6 18.6 18.6 -9999 11.8 12.7 13 8.9 7.8 7.2 6.1 13.8 10 -9999 15 14.7 11.5 8.8 8.6 7.4 -9999 -9999 -9999 -9999 1 1.2 2.3 2.3 2.3 2.3 2.3 2.3 -9999 30.3 30.4 30.7 30.8 31 30.3 30.8 16.6 16.6 2.3
-9999 -9999 -9999 -9999 -9999 -9999 -9999 -9999 -9999 -9999 -9999 -9999 -9999 -9999 -9999 -9999 -9999 -9999 -9999 -9999 -9999 -9999 -9999 -9999 -9999 -9999 -9999 -9999 -9999 -9999 -9999 -9999 -9999 2.3 2.3 2.3 2.3 -9999 -9999 -9999 -9999 2.3 18.6 18.6 18.6 18.1 -9999 -9999 16.3 13.3 8.3 7.7 6.4 12.3 7.1 14.1 12 12 12.9 11.7 7.9 44.2 18.4 11.1 -9999 -9999 -9999 2.1 2.3 2.3 2.3 2.3 2.3 2.3 2.3 2.3 16.6 31.1 31.1 31 30.6 29.5 16.5 -9999 -9999 15.8
