data-raw/wwl Heksenlaak/RasterHeks/output/dmgtot-__-1981-2010.asc
NCOLS 100 
NROWS 100 
XLLCORNER 226500 
YLLCORNER 460500 
CELLSIZE 25 
NODATA_value -9999 
[rows 38 to 75 of 100, columns 0 to 85 of 100]
-9999 -9999 -9999 -9999 -9999 -9999 -9999 -9999 -9999 -9999 -9999 -9999 -9999 -9999 -9999 -9999 -9999 -9999 -9999 -9999 -9999 -9999 -9999 -9999 -9999 -9999 -9999 -9999 -9999 -9999 -9999 -9999 -9999 2.3 2.3 2.3 2.3 2.3 -9999 2.3 2.3 2.3 18.6 18.6 17.6 9.1 -9999 -9999 11.9 13.7 11.3 7.8 6.2 7.8 -9999 -9999 13.7 11.9 9 7.2 40.6 17.1 11.9 11.8 6.1 -9999 1.2 2.3 2.3 2.3 2.3 2.3 2.3 2.3 2.3 16.6 16.6 16.6 16.5 30.8 29.8 29.7 -9999 -9999 -9999 -9999
-9999 -9999 -9999 -9999 -9999 -9999 -9999 -9999 -9999 -9999 -9999 -9999 -9999 -9999 -9999 -9999 -9999 -9999 -9999 -9999 -9999 -9999 -9999 -9999 -9999 -9999 -9999 -9999 -9999 -9999 -9999 -9999 4.9 4.9 4.9 4.9 4.9 4.9 -9999 2.3 2.3 2.3 18.5 15.9 8.3 11.8 23.8 11.6 25.7 7.6 13.8 11.4 6.1 -9999 16.7 -9999 -9999 13.2 6.9 36.1 10.4 12.4 12.2 20 -9999 0.8 1.5 1.7 2.3 2.3 2.3 2.3 2.3 2.3 -9999 -9999 16.6 16.6 16.6 16.4 15.6 16.1 16.6 -9999 16.6 15.5
-9999 -9999 -9999 -9999 -9999 -9999 -9999 -9999 -9999 -9999 -9999 -9999 -9999 -9999 -9999 -9999 -9999 -9999 -9999 -9999 -9999 -9999 -9999 -9999 -9999 -9999 -9999 -9999 -9999 7.4 4.9 4.9 4.9 4.9 4.9 4.9 4.9 4.9 2.3 2.3 2.3 2.3 16.5 9.4 8.5 45.6 47.4 10.9 7.3 7.8 10.2 1.2 1.4 15.2 -9999 16.1 -9999 13.3 1.9 11 13 12.7 15 43.3 1.6 2.3 2.3 2.3 2.2 2.3 2.3 2.3 2.3 16.6 -9999 16.5 16.4 16.6 16.6 16.5 16.2 16.4 16.6 -9999 16.6 15.4
-9999 -9999 -9999 -9999 -9999 -9999 -9999 -9999 -9999 -9999 -9999 -9999 -9999 -9999 -9999 -9999 -9999 -9999 -9999 -9999 -9999 -9999 -9999 -9999 -9999 -9999 7.4 7.4 -9999 2.3 4.9 4.9 4.9 4.9 4.9 4.9 4.9 4.9 2.3 2.3 2.3 18.3 12.3 7.3 6.5 20.6 31.8 11.7 8.3 8.8 8 3.8 1.7 -9999 -9999 -9999 -9999 1.6 1.9 13.4 13.1 12.2 40.2 10.8 2.3 2.3 2.3 2.3 2.3 2.3 1.7 16.5 16.4 13.5 16.2 16.3 16.1 16.3 16.6 16.5 16.5 16.5 16.5 16.6 16.6 15.6
-9999 -9999 -9999 -9999 -9999 -9999 -9999 -9999 -9999 -9999 -9999 -9999 -9999 -9999 -9999 -9999 -9999 -9999 -9999 -9999 -9999 -9999 -9999 -9999 -9999 7.4 7.4 7.4 7.4 2.3 4.9 4.9 4.9 4.9 4.9 4.9 4.9 4.9 2.3 2.3 2.3 15.4 6.7 6.1 6.5 18.1 24.6 6.5 9 8.1 4.1 17.1 5 12.9 16.3 -9999 11.3 1.4 -9999 -9999 12.7 15 22.3 2.3 2.3 2.3 2.3 16.6 16.6 16.6 16.5 16.4 -9999 15.2 15.7 15.8 15.6 15.6 16 16.4 16.6 -9999 16.6 16.6 16.6 16.5
-9999 -9999 -9999 -9999 -9999 -9999 -9999 -9999 -9999 -9999 -9999 -9999 -9999 -9999 -9999 -9999 -9999 -9999 -9999 -9999 -9999 -9999 -9999 -9999 7.4 7.4 7.4 7.4 -9999 2.3 4.9 4.9 4.9 4.9 4.9 4.9 4.9 4.9 2.3 2.3 1.7 6.4 29.6 45.9 34.5 36.9 10.1 7.3 8.2 6 -9999 2.4 2 10.6 -9999 13.6 13.9 0.9 -9999 -9999 12.6 27.3 14.7 2.3 2.3 2.3 16.6 16.6 16.6 16.6 16.6 16.3 15.2 15.2 15.4 15.4 15.4 15.4 15.6 16.5 16.6 -9999 -9999 -9999 16.6 16.6
-9999 -9999 -9999 -9999 -9999 -9999 -9999 -9999 -9999 -9999 -9999 -9999 7.4 -9999 -9999 -9999 18.7 18.7 18.7 18.7 18.7 18.7 18.7 -9999 7.4 7.4 7.4 7.4 7.4 2.3 4.9 4.9 4.9 4.9 4.9 4.9 4.9 2.3 2.3 2.3 0.9 19.4 31.9 23.4 26.2 16.7 7.4 7.2 6.9 25.9 -9999 -9999 -9999 -9999 -9999 -9999 0.8 0.8 0.9 15 12 14.5 18.6 2.3 2.3 2.3 16.6 16.6 16.6 16.6 16.6 16.3 15.9 16.3 16.4 16.3 15.9 15.2 15.6 16.6 -9999 -9999 -9999 16.6 16.6 16.6
-9999 -9999 -9999 -9999 -9999 -9999 -9999 -9999 -9999 -9999 -9999 -9999 7.4 7.4 -9999 -9999 18.7 18.7 18.7 18.7 18.7 18.7 18.7 18.7 18.7 -9999 -9999 -9999 -9999 -9999 -9999 -9999 4.9 4.9 4.9 4.9 4.9 2.3 2.3 2.3 1 11.9 32.3 23.9 27.8 10 7.6 8 7.9 -9999 -9999 -9999 -9999 -9999 -9999 -9999 1.5 1 1.1 12.2 27 13.5 18.6 2.3 2.3 2.3 16.6 16.6 16.6 16.6 -9999 16.6 16.5 16.6 16.6 16.6 16.6 16.6 16.6 16.6 -9999 -9999 16.6 16.6 16.6 16.6
-9999 -9999 -9999 -9999 -9999 -9999 -9999 -9999 -9999 -9999 -9999 7.4 7.4 7.4 7.4 -9999 18.7 18.7 18.7 18.7 18.7 18.7 18.7 18.7 18.7 18.7 18.7 18.7 18.7 4.9 4.9 4.9 4.9 4.9 4.9 4.9 4.9 2.3 2.3 2.3 1.8 14.7 14.9 13.7 14.4 -9999 -9999 14.4 -9999 -9999 -9999 -9999 -9999 -9999 -9999 -9999 2.3 1.5 13.1 11.9 37.2 -9999 2.3 2.3 2.3 2.3 2.3 16.6 16.6 -9999 -9999 16.6 16.6 16.6 16.6 16.6 16.6 16.6 16.6 31.8 -9999 16.6 16.6 16.6 16.6 16.6
-9999 -9999 -9999 -9999 27 27 27 27 7.4 -9999 -9999 7.4 7.4 7.4 -9999 -9999 18.7 18.7 18.7 18.7 18.7 18.7 18.7 18.7 18.7 18.7 18.7 18.7 4.9 4.9 4.9 4.9 4.9 4.9 4.9 4.9 4.9 2.3 2.3 2.3 -9999 -9999 -9999 18.5 8.4 7.4 7.2 11.5 -9999 -9999 -9999 -9999 -9999 -9999 -9999 18.6 2.3 1.7 14.7 11.9 36.4 -9999 2.3 2.3 2.3 2.3 2.3 16.6 16.6 -9999 16.6 16.6 16.6 16.6 16.6 16.6 16.6 16.6 -9999 31.8 31.8 31.8 16.6 16.6 16.6 16.6
-9999 27 27 27 27 27 27 7.4 7.4 -9999 7.4 7.4 7.4 7.4 -9999 -9999 18.7 18.7 18.7 18.7 18.7 18.7 18.7 18.7 18.7 18.7 18.7 18.7 4.9 4.9 4.9 4.9 4.9 4.9 4.9 4.9 4.9 2.3 2.3 2.3 -9999 -9999 -9999 15.8 6.4 6.6 7.1 11.6 -9999 -9999 -9999 -9999 -9999 -9999 -9999 18.6 2.3 1.3 11.9 11.9 12.1 18.6 2.3 2.3 2.3 16.6 16.6 16.6 -9999 -9999 16.6 16.6 16.6 16.6 16.6 16.6 16.6 16.6 -9999 31.8 31.8 31.8 31.8 16.6 16.6 16.6
-9999 27 27 27 27 -9999 27 7.4 -9999 -9999 7.4 7.4 7.4 -9999 -9999 -9999 18.7 18.7 18.7 18.7 18.7 18.7 18.7 18.7 18.7 18.7 18.7 18.7 4.9 4.9 4.9 4.9 4.9 4.9 4.9 4.9 4.9 2.3 2.3 -9999 -9999 -9999 14 -9999 9.6 11.2 11.6 7.6 -9999 -9999 -9999 -9999 -9999 -9999 -9999 18.6 2.3 0.8 12.5 22.2 15.2 14 -9999 -9999 -9999 19.5 16.6 16.6 16.6 16.6 16.6 16.6 16.6 16.6 16.6 16.6 16.6 -9999 31.8 31.8 31.8 31.8 31.8 31.8 31.8 16.6
-9999 -9999 -9999 27 2.3 -9999 2.3 7.4 -9999 7.4 7.4 7.4 -9999 -9999 -9999 -9999 18.7 18.7 18.7 18.7 18.7 18.7 18.7 18.7 18.7 18.7 18.7 18.7 4.9 4.9 4.9 4.9 4.9 4.9 4.9 4.9 4.9 2.3 2.3 2.3 -9999 -9999 -9999 -9999 11.2 11.2 10.6 7.1 -9999 -9999 -9999 -9999 -9999 -9999 18.1 18.6 2.3 1.4 13.1 32.3 29.7 12 15.3 -9999 -9999 -9999 19.5 19.5 19.5 16.6 16.6 16.6 16.6 16.6 16.6 16.6 16.6 -9999 31.8 31.8 31.8 31.8 31.8 31.8 31.8 16.5
2.3 2.3 2.3 2.3 -9999 2.3 2.3 -9999 -9999 7.4 7.4 7.4 -9999 -9999 -9999 18.7 18.7 18.7 18.7 18.7 18.7 18.7 18.7 18.7 18.7 18.7 18.7 7.4 7.4 7.4 7.4 7.4 18.7 4.9 4.9 4.9 4.9 2.3 2.3 -9999 -9999 -9999 -9999 11.4 9 11.2 9.8 8.2 -9999 -9999 -9999 -9999 -9999 -9999 18.6 18.6 2.3 1.3 14.9 33.4 35.6 12.2 18.1 -9999 -9999 -9999 19.5 19.5 19.5 -9999 19.5 19.5 19.5 19.5 16.6 16.6 16.6 31.8 31.8 31.8 31.8 31.8 31.8 31.8 16.4 16.2
2.3 2.3 2.3 2.3 2.3 2.3 2.3 7.4 18.7 18.7 18.7 -9999 -9999 -9999 -9999 -9999 -9999 -9999 -9999 -9999 -9999 -9999 18.7 18.7 18.7 18.7 7.4 7.4 7.4 7.4 7.4 7.4 18.7 4.9 4.9 4.9 4.9 2.3 2.3 2.3 -9999 -9999 -9999 -9999 9.9 10.8 10.4 9.7 -9999 10.1 -9999 -9999 -9999 -9999 18.6 18.6 2.3 1.1 15.4 28.4 32.5 11.8 18.7 -9999 -9999 -9999 -9999 -9999 -9999 -9999 -9999 -9999 19.5 -9999 -9999 16.6 -9999 31.8 31.8 31.8 31.8 31.8 31.8 16.5 16.2 16.3
2.3 2.3 2.3 2.3 2.3 2.3 2.3 -9999 18.7 18.7 18.7 18.7 18.7 18.7 -9999 -9999 -9999 -9999 -9999 -9999 -9999 -9999 -9999 18.7 18.7 18.7 -9999 -9999 -9999 7.4 7.4 7.4 18.7 4.9 4.9 4.9 4.9 4.9 2.3 2.3 2.3 -9999 -9999 -9999 11.5 12.3 13.7 -9999 7.1 -9999 1.1 1.5 15.9 14.6 18.6 18.6 2.3 2.3 1.4 16.2 33.5 12.4 -9999 -9999 -9999 -9999 -9999 -9999 -9999 -9999 -9999 -9999 -9999 -9999 -9999 -9999 -9999 16.6 16.6 31.8 31.8 31.8 31.8 16.4 16.4 16.4
2.3 2.3 2.3 2.3 2.3 -9999 -9999 18.7 18.7 18.7 18.7 18.7 18.7 18.7 18.7 18.7 -9999 -9999 -9999 -9999 -9999 -9999 -9999 18.7 18.7 18.7 -9999 -9999 -9999 7.4 7.4 7.4 18.7 4.9 4.9 4.9 4.9 4.9 2.3 -9999 2.3 1.7 14.9 12.4 10.8 -9999 13.2 11.1 10.4 10.1 1.1 -9999 -9999 11.5 18.6 2.3 2.3 2.3 2.3 1.3 30.5 1.7 -9999 -9999 -9999 -9999 -9999 -9999 -9999 -9999 -9999 -9999 -9999 -9999 -9999 -9999 -9999 16.6 16.6 16.6 -9999 31.8 16.6 16.6 16.5 16.4
2.3 2.3 -9999 -9999 -9999 2.3 7.4 18.7 18.7 18.7 18.7 18.7 18.7 18.7 18.7 15.2 15.2 15.2 15.2 15.2 -9999 -9999 -9999 18.7 18.7 -9999 -9999 7.4 7.4 7.4 7.4 7.4 18.7 4.9 4.9 4.9 4.9 4.9 2.3 -9999 2.3 1.7 13.7 9.9 8.6 12.2 11.1 10.1 9.3 -9999 1.2 -9999 1.7 13.6 16.7 2.3 2.3 2.3 2.3 2.3 3.2 1.3 2.3 -9999 12.1 19.5 -9999 -9999 -9999 -9999 -9999 -9999 -9999 -9999 -9999 -9999 -9999 -9999 16.6 16.6 -9999 -9999 16.5 16.5 16.6 16.6
-9999 -9999 2.3 2.3 2.3 2.3 18.7 18.7 18.7 18.7 18.7 18.7 18.7 18.7 18.7 15.2 15.2 15.2 15.2 15.2 15.2 15.2 15.2 -9999 -9999 -9999 -9999 7.4 7.4 7.4 7.4 7.4 -9999 4.9 2.3 2.3 2.3 2.3 2.3 2.3 -9999 2.3 14 -9999 7.6 7.8 10.9 9.8 7.8 7.8 15.4 2.3 2.3 1.6 1.1 2.3 2.3 2.3 2.3 2.3 1 1 2.3 2.3 19.5 18.3 -9999 -9999 -9999 -9999 -9999 -9999 -9999 -9999 -9999 -9999 -9999 -9999 -9999 14.8 18.5 16.4 16.1 16.4 16.5 16.5
-9999 2.3 2.3 2.3 2.3 2.3 4.9 18.7 18.7 18.7 18.7 18.7 18.7 18.7 15.2 15.2 15.2 15.2 15.2 15.2 15.2 15.2 5.6 -9999 -9999 -9999 -9999 7.4 7.4 7.4 7.4 7.4 -9999 2.3 2.3 2.3 2.3 2.3 2.3 2.3 2.3 2.3 14.5 8.4 7.3 7.6 10.6 9.1 8 7.9 8 2.3 2.3 2.3 2.3 2.3 2.3 2.3 2.3 2.3 1.3 1.7 2.3 2.3 19.5 19 -9999 -9999 -9999 -9999 -9999 -9999 -9999 -9999 -9999 -9999 -9999 -9999 17.9 47.1 43.8 34.5 13.2 17.4 16.5 -9999
2.3 2.3 2.3 2.3 2.3 2.3 4.9 4.9 18.7 18.7 18.7 18.7 18.7 15.2 15.2 15.2 15.2 15.2 15.2 15.2 15.2 5.6 -9999 -9999 -9999 -9999 2.3 7.4 7.4 7.4 -9999 -9999 -9999 2.3 2.3 2.3 2.3 2.3 2.3 2.3 2.3 2.3 16.1 10.4 6.7 6.8 9.2 10.4 8.6 7.4 -9999 1.7 2.3 2.3 2.3 2.3 2.3 2.3 2.3 2.3 2.3 2.3 2.3 2.3 2.3 19.4 12 12.4 -9999 -9999 -9999 -9999 -9999 -9999 -9999 -9999 -9999 12.6 10.1 47.1 47.3 46.9 46.7 42 12.6 15
2.3 2.3 2.3 2.3 2.3 2.3 2.3 4.9 18.7 18.7 18.7 18.7 15.2 15.2 15.2 15.2 15.2 15.2 15.2 15.2 5.6 2.3 2.3 -9999 -9999 -9999 2.3 7.4 -9999 7.4 7.4 -9999 -9999 7.4 2.3 2.3 2.3 2.3 2.3 2.3 2.3 2.3 16.9 11.8 7.4 10.2 7.4 10.5 10.7 8.7 7.7 11.7 2.3 2.3 2.3 2.3 2.3 2.3 2.3 2.3 2.3 2.3 2.3 2.3 2.3 19.5 12 12.1 14.6 -9999 -9999 -9999 -9999 -9999 -9999 -9999 -9999 -9999 10.8 46.9 47.3 47.2 44.6 47 39.8 38.9
2.3 2.3 2.3 2.3 2.3 2.3 2.3 2.3 2.3 18.7 18.7 18.7 15.2 15.2 15.2 15.2 15.2 15.2 15.2 18.7 2.3 2.3 2.3 2.3 2.3 -9999 -9999 -9999 -9999 -9999 7.4 -9999 -9999 7.4 2.3 2.3 2.3 2.3 2.3 2.3 -9999 -9999 18.3 16 7.6 24.7 26.3 7.1 11.5 10.4 8 7.1 2.3 2.3 2.3 2.3 2.3 2.3 2.3 2.3 2.3 2.3 2.3 2.3 2.3 19.5 11.9 12.1 14 -9999 -9999 -9999 -9999 -9999 -9999 -9999 -9999 45 9.9 46.5 46.4 46 46 46.3 38.2 35.6
2.3 2.3 2.3 2.3 2.3 2.3 2.3 2.3 2.3 18.7 18.7 15.2 15.2 15.2 15.2 15.2 15.2 15.2 15.2 4.9 4.9 4.9 2.3 2.3 2.3 2.3 2.3 -9999 -9999 -9999 -9999 -9999 -9999 -9999 -9999 2.3 2.3 2.3 2.3 -9999 -9999 -9999 17.8 16 7.9 21.9 29.6 16.6 7.3 7.7 10 -9999 12 2.3 2.3 2.3 2.3 2.3 2.3 2.3 2.3 2.3 2.3 2.3 2.3 19.5 13.8 12 15.9 19.7 -9999 -9999 -9999 -9999 41 46.1 45.4 45.7 9.8 45.2 42.8 42.4 45.1 44.7 37.3 38.5
2.3 2.3 2.3 2.3 2.3 2.3 2.3 2.3 7.4 -9999 18.7 15.2 15.2 15.2 15.2 15.2 -9999 -9999 4.9 4.9 4.9 4.9 4.9 4.9 2.3 2.3 2.3 2.3 -9999 -9999 -9999 -9999 -9999 -9999 2.3 2.3 2.3 2.3 2.3 2.3 -9999 -9999 -9999 16.5 9.9 17.9 37.1 38.9 23.5 10 14.2 14.1 -9999 16.7 2.3 2.3 2.3 2.3 2.3 2.3 2.3 2.3 2.3 2.3 2.3 18.6 17.5 12 20.5 29.8 33 22.9 39.9 45.9 45.9 44.2 25.9 16.6 10.3 34.4 32.9 27.5 22.6 31.7 29.5 30.7
2.3 2.3 2.3 2.3 2.3 2.3 2.3 2.3 -9999 -9999 -9999 -9999 15.2 15.2 15.2 15.2 -9999 4.9 4.9 4.9 4.9 4.9 4.9 4.9 4.9 4.9 2.3 2.3 -9999 -9999 -9999 -9999 -9999 2.3 2.3 2.3 2.3 2.3 2.3 2.3 2.3 2.3 18.6 17 10.7 25.1 42.2 33 26.3 7.2 11.1 13.8 14.3 -9999 18.6 2.3 2.3 2.3 2.3 2.3 2.3 2.3 2.3 2.3 18.6 -9999 18.2 13.1 23.5 32.5 34.4 36.9 38.7 39.1 36.2 12.5 31.5 25.4 11 18.3 18.6 12.7 11.3 11.9 11.2 11
2.3 2.3 2.3 2.3 2.3 2.3 2.3 2.3 -9999 -9999 -9999 -9999 -9999 18.7 15.2 -9999 -9999 44.4 4.9 4.9 4.9 4.9 4.9 4.9 4.9 4.9 4.9 4.9 2.3 -9999 -9999 -9999 -9999 -9999 4.9 4.9 4.9 4.9 4.9 2.3 2.3 2.3 18.6 17.4 10.6 11.2 25.7 30.8 43.5 35.5 24.7 9.9 10.7 -9999 16.2 2.3 2.3 2.3 2.3 2.3 2.3 2.3 -9999 -9999 -9999 -9999 -9999 17.5 14.5 8.6 11.1 45.6 48.1 48.5 48.5 39.5 12.9 10.4 10 10.8 10.5 10.9 11.1 11.1 11.3 12.5
-9999 2.3 2.3 2.3 2.3 2.3 2.3 4.9 -9999 2.3 7.4 -9999 18.7 18.7 -9999 -9999 44.4 44.4 44.4 4.9 4.9 4.9 4.9 4.9 4.9 4.9 4.9 4.9 4.9 -9999 -9999 -9999 -9999 4.9 4.9 4.9 4.9 4.9 4.9 2.3 2.3 2.3 2.3 15.1 7.7 8.8 7.1 24.4 47 28.5 40.3 24.8 12 12 -9999 16.1 18.6 2.3 2.3 2.3 2.3 1.1 15.9 -9999 17.4 -9999 -9999 -9999 18.2 13.4 30 38.3 46.9 47.5 48.5 47 24.8 14.7 13.1 9.4 9.2 9.9 10 9.9 10.6 11.6
2.3 -9999 2.3 2.3 2.3 2.3 4.9 4.9 4.9 4.9 -9999 7.4 18.7 -9999 -9999 -9999 -9999 -9999 44.4 44.4 44.4 4.9 44.4 44.4 44.4 4.9 4.9 4.9 4.9 -9999 4.9 4.9 4.9 4.9 4.9 4.9 4.9 4.9 4.9 2.3 2.3 2.3 2.3 1 8.3 22.2 26.8 12.4 25.7 30.9 32.3 26.7 19.6 28.6 32.3 19.2 23 7.8 11.1 10.9 10 10.6 12.7 -9999 -9999 -9999 -9999 12.6 13.4 15.2 18.3 22.6 46.8 47.5 48.5 47 18.6 13.7 9.9 10.4 11 11.1 11.2 11.2 11.3 11.4
2.3 2.3 -9999 2.3 2.3 -9999 4.9 4.9 4.9 4.9 4.9 44.4 27 -9999 -9999 -9999 -9999 -9999 27 -9999 44.4 -9999 -9999 -9999 44.4 44.4 4.9 4.9 4.9 4.9 4.9 4.9 4.9 4.9 4.9 4.9 4.9 4.9 4.9 2.3 2.3 2.3 2.3 1 5.2 41 42.6 10.6 8.6 9.9 37.7 28.3 16.7 14.6 17.7 10.9 10.4 20 25.7 30.6 10.9 8.6 10.4 12.2 -9999 13.5 14.7 28.9 21.3 26.9 18.5 15.1 36.7 20.7 19.3 14.8 13.3 11.2 11.8 13.6 11.3 12.2 12.4 12.6 12.9 13.1
2.3 2.3 2.3 2.3 2.3 -9999 4.9 4.9 4.9 4.9 4.9 27 27 27 -9999 -9999 -9999 -9999 -9999 -9999 -9999 -9999 -9999 -9999 -9999 -9999 44.4 4.9 4.9 4.9 4.9 4.9 4.9 4.9 4.9 4.9 2.3 2.3 2.3 2.3 2.3 2.3 2.3 1.7 1.3 33.6 37 26.6 10.6 5.3 46.1 36.7 10.8 12 9.6 8.4 9.2 9.2 17.7 18.3 19.5 36.9 36 14.9 11.7 29.7 26.6 23.8 34.6 45.7 23.6 21 17.2 15 14.8 13.3 12.5 12.2 12.3 10.5 13.3 14.4 14.6 14.7 14.9 15
2.3 2.3 -9999 2.3 4.9 4.9 4.9 4.9 4.9 4.9 4.9 27 27 -9999 -9999 -9999 -9999 -9999 -9999 -9999 -9999 -9999 -9999 -9999 -9999 -9999 44.4 44.4 4.9 4.9 4.9 4.9 4.9 4.9 4.9 2.3 2.3 2.3 2.3 2.3 2.3 2.3 2.3 1.7 1.7 1 1.5 2.8 8.9 29.2 38.6 15.2 11.1 39.4 25.3 15.4 12 10.4 14.1 10.8 8.7 23.6 28.4 44.2 40.8 30.6 32.9 26.8 50.9 41.7 33.1 24 17.2 15.1 14.2 12.8 12.4 12.4 12.3 13 15.2 15.5 15.5 15.7 15.8 15.9
2.3 -9999 2.3 2.3 2.3 4.9 4.9 4.9 4.9 4.9 -9999 -9999 27 -9999 -9999 -9999 -9999 -9999 -9999 -9999 -9999 -9999 -9999 -9999 -9999 -9999 -9999 -9999 4.9 4.9 4.9 4.9 4.9 4.9 4.9 2.3 2.3 2.3 2.3 2.3 2.3 2.3 2.3 1.7 1.7 1.7 1.4 1.1 1.1 2 -9999 1.2 10.5 40.2 15.3 5.5 5.3 3.7 2.4 11.6 12 9.2 20.8 26.9 50.3 32.2 22.4 49.3 50.9 51.4 46.3 25.8 19.1 15 13.4 12.7 12.9 12.6 11.7 9.1 -9999 1.1 1.1 -9999 0.8 1.3
4.9 4.9 4.9 4.9 2.3 2.3 4.9 4.9 4.9 4.9 44.4 -9999 -9999 -9999 -9999 -9999 -9999 -9999 -9999 -9999 -9999 -9999 -9999 -9999 -9999 -9999 -9999 -9999 -9999 4.9 4.9 4.9 4.9 4.9 4.9 2.3 2.3 2.3 2.3 2.3 2.3 2.3 2.3 1.5 1.7 1.7 1.6 1.6 -9999 1.1 -9999 -9999 1.1 1.1 1 1.2 1.1 1.1 1.1 1.1 1 14.5 8.5 13.2 -9999 47 48.8 51.4 48.1 51.1 51.6 51.1 29.8 15.8 14.1 14.1 14.1 13.6 13.4 8 1.5 1.5 1.6 4.9 3.6 3.8
4.9 4.9 4.9 4.9 2.3 2.3 2.3 4.9 4.9 4.9 -9999 -9999 -9999 -9999 -9999 -9999 -9999 -9999 -9999 -9999 -9999 -9999 -9999 -9999 -9999 -9999 -9999 -9999 -9999 44.4 4.9 4.9 4.9 4.9 4.9 2.3 2.3 2.3 2.3 2.3 2.3 2.3 2.3 1.7 1.7 1.5 0.9 -9999 -9999 -9999 -9999 -9999 1.6 1.9 1.7 1.7 2.3 2.3 2.3 2.3 2.3 -9999 -9999 -9999 -9999 -9999 50.9 39.1 42.1 46.4 48.9 51 51.3 48.8 24.1 18.3 16.4 15.1 13.7 13.3 1 -9999 1.5 2.1 1.9 1.9
4.9 4.9 4.9 4.9 4.9 27 27 27 44.4 -9999 -9999 -9999 -9999 -9999 -9999 -9999 -9999 -9999 -9999 -9999 -9999 -9999 -9999 -9999 -9999 -9999 -9999 -9999 -9999 -9999 4.9 4.9 4.9 4.9 4.9 2.3 2.3 2.3 2.3 2.3 2.3 2.3 2.3 2.3 1.7 1.6 1.5 1.6 1.2 0.8 -9999 -9999 2.3 2.3 2.3 2.3 2.3 2.3 2.3 2.3 2.3 2.3 -9999 -9999 -9999 -9999 48 41.2 31.1 29.9 36.1 41.2 42.4 40.5 40.4 26.4 15 13 13.4 12.3 -9999 -9999 1.6 2 1.9 2
4.9 4.9 4.9 -9999 -9999 -9999 -9999 27 -9999 -9999 -9999 -9999 -9999 -9999 -9999 -9999 -9999 -9999 -9999 -9999 -9999 -9999 -9999 -9999 -9999 -9999 -9999 -9999 -9999 -9999 4.9 4.9 4.9 4.9 4.9 2.3 2.3 2.3 4.9 2.3 2.3 2.3 2.3 2.3 1.9 1.7 -9999 1.3 1.2 2.3 2.3 -9999 -9999 2.3 2.3 2.3 2.3 2.3 2.3 2.3 2.3 2.3 -9999 -9999 -9999 44 49.3 47.5 36.7 29.5 22.2 24.5 27.9 24.9 29.2 26.8 23.4 14.6 13.5 12.9 12.4 12.4 2.5 2 1.9 2.1
4.9 4.9 -9999 -9999 -9999 -9999 -9999 -9999 -9999 -9999 -9999 -9999 -9999 -9999 -9999 -9999 -9999 -9999 -9999 -9999 -9999 -9999 -9999 -9999 -9999 -9999 -9999 -9999 -9999 -9999 4.9 4.9 4.9 4.9 4.9 4.9 4.9 4.9 4.9 4.9 4.9 4.9 3.5 1.9 23.9 23.6 12.7 12.2 12.8 14.7 14.7 14.7 14.7 2.3 2.3 2.3 2.3 2.3 2.3 2.3 2.3 18.6 -9999 -9999 13.1 18.7 49.7 49.8 44.2 36.2 27.5 24.4 18.7 17 21.8 26.5 19.3 -9999 -9999 -9999 -9999 17.4 22 20.2 20.2 21.7
