data-raw/wwl Heksenlaak/RasterHeks/output/dmgwet-__-1981-2010.asc
NCOLS 100 
NROWS 100 
XLLCORNER 226500 
YLLCORNER 460500 
CELLSIZE 25 
NODATA_value -9999 
[rows 0 to 38 of 100, columns 0 to 88 of 100]
0.200000000000000 0.2 0.2 0.3 0.3 0.3 0.3 0.3 0.3 -9999 -9999 0.8 0.4 0.4 0.4 0.4 0.5 0.4 -9999 0.5 -9999 1 1.1 0.9 0.7 0.6 0.5 0.3 0.6 0.6 1 1.2 1.6 1.5 1.5 1.3 1.2 1.1 0.8 0.8 1 0.3 0.6 4.2 1.4 3.7 11.5 -9999 -9999 -9999 2.1 12.5 6.2 4.3 1.3 0.8 0.5 0.6 0.3 0.2 0.2 0.2 0.2 0.2 3.6 4.8 6.4 1.2 1.1 0.6 0.6 -9999 12.4 14.6 24.5 26.9 17.6 13.8 9.9 7.7 6.6 6.2 6.1 6.2 6.8 8.1 10.3 4.7 -9999
0.2 0.2 0.2 0.2 -9999 -9999 0.3 0.3 -9999 -9999 -9999 0.7 0.9 1 0.3 0.3 0.3 -9999 -9999 0.4 -9999 0.5 0.9 1 1.4 1 1.2 0.7 0.7 0.7 0.6 0.6 1 1.2 1.2 1 -9999 -9999 0.4 -9999 0.6 1 1.1 0.5 3.6 6.1 1.8 -9999 -9999 0.3 4.7 2.3 3.3 9.8 7.6 4.1 1.1 0.6 0.3 0.2 0.2 0.2 0.2 0.2 0.3 3.9 5.2 6.1 1.1 0.6 0.6 -9999 11.6 9.4 11.7 16 31 14.7 9.8 7.8 6.7 6.3 6.3 6.9 8.2 10.6 16.2 13.2 4.7
0.2 0.2 0.2 0.2 -9999 -9999 0.3 -9999 -9999 -9999 0.3 0.3 0.7 0.9 0.9 0.9 0.2 -9999 -9999 0.3 0.3 0.3 0.8 1 1.2 0.8 0.9 0.6 0.6 0.9 0.7 0.8 0.3 0.3 0.3 0.3 -9999 0.3 -9999 -9999 0.3 0.3 0.3 1 1.1 0.7 -9999 -9999 -9999 0.9 -9999 -9999 -9999 2 1.8 2.2 1.6 0.3 0.4 0.2 0.2 0.2 0.2 0.2 0.3 3.6 4.6 5.7 1.1 0.7 0.6 -9999 12.5 8.2 11.7 18.9 21.5 14.9 10.2 7.8 6.8 6.5 7 7.9 9.5 16.5 23.7 17.4 13.3
0.2 0.2 0.2 -9999 -9999 0.2 0.3 -9999 -9999 -9999 0.3 0.3 0.3 0.3 0.7 0.6 0.6 -9999 -9999 -9999 0.2 0.3 0.5 0.6 -9999 -9999 -9999 0.7 0.9 0.9 1.1 0.9 0.5 0.4 0.3 0.3 -9999 -9999 0.2 0.3 -9999 -9999 -9999 -9999 0.5 0.6 1.2 2.2 -9999 -9999 1.3 -9999 -9999 -9999 1.9 -9999 2.5 0.4 0.4 0.2 0.2 0.2 0.2 0.2 0.3 0.4 4.1 5.2 1 0.9 -9999 2 11.6 7.1 9.9 15.7 11.3 13.5 1.4 0.6 7.2 7 7.9 9.5 14.5 18.7 22 18.4 14.8
0.2 0.2 0.2 -9999 0.2 0.2 0.2 0.2 -9999 -9999 0.3 0.3 0.3 0.3 0.3 -9999 0.3 0.4 0.4 -9999 0.3 0.3 0.3 0.4 -9999 -9999 0.5 0.6 0.7 0.3 0.4 1 0.8 1 0.6 0.3 -9999 -9999 0.3 -9999 0.2 -9999 -9999 0.3 0.3 0.3 1.1 1.2 1.2 1.7 11.1 18.8 4.4 1.9 1.4 1.3 1.4 1.2 0.4 0.2 0.2 0.2 0.2 0.2 0.4 0.6 4.5 5.7 1.1 0.6 0.6 8.5 11.9 6.2 9.1 16.9 9.5 2.3 2.1 0.8 0.5 8 9 12.8 13 14.1 15.7 13.9 13.8
0.2 0.2 -9999 0.2 0.2 0.2 0.2 0.2 0.2 0.3 0.3 0.3 0.3 0.3 0.3 -9999 -9999 0.3 0.3 0.3 0.2 0.3 0.3 0.3 0.3 0.3 0.5 0.7 0.5 0.5 0.5 0.7 0.4 1 1.2 0.6 0.3 0.3 0.3 -9999 -9999 0.3 0.2 -9999 0.3 -9999 0.3 0.6 0.6 1 1.3 1.4 1.8 1.2 0.9 0.8 0.8 1.6 0.7 0.2 0.2 0.2 0.2 0.2 0.4 0.7 0.8 0.6 -9999 -9999 0.6 13.9 9.2 6.1 8.9 12.9 0.6 2.3 2.9 1.1 0.7 0.7 10.6 12.1 11.3 10.3 11 12.9 12.3
0.2 -9999 -9999 0.2 0.2 0.2 0.2 0.2 0.2 0.2 0.3 0.3 0.3 0.3 0.3 0.3 0.3 0.3 0.3 0.3 0.2 0.2 0.2 0.3 0.3 0.3 0.5 0.8 0.5 0.5 0.5 0.5 0.7 0.3 -9999 0.5 0.4 -9999 -9999 -9999 -9999 0.8 0.4 0.2 -9999 0.3 0.3 0.3 0.4 0.6 0.3 0.5 1.2 1.8 2.6 1.4 1.5 1.6 2.8 0.2 0.2 0.2 0.2 0.2 0.4 0.6 0.5 -9999 -9999 -9999 -9999 16.2 9.1 6.4 9 12.5 0.9 16.8 4.8 1.5 0.8 0.8 12.2 12.3 10.9 9.8 10.1 10.2 10.3
0.2 -9999 -9999 0.2 0.2 0.2 0.2 0.2 0.2 0.2 0.2 0.2 0.3 0.3 0.3 0.3 0.3 0.3 0.3 0.2 0.2 0.2 0.2 0.2 0.2 0.3 0.5 0.8 0.7 0.5 0.4 0.4 0.3 0.3 -9999 -9999 -9999 -9999 -9999 -9999 0.3 0.9 0.9 0.6 0.2 0.2 0.3 0.3 0.3 0.3 0.3 0.3 0.3 0.4 1.2 1.4 1.1 1.2 3 0.3 0.2 0.2 0.2 0.2 0.3 0.4 0.3 0.3 -9999 -9999 -9999 34.3 8.7 7 9.4 12 2.6 16.4 3.4 3.3 0.9 1.8 1.7 11.7 10.8 10.1 9.6 9.5 9.7
0.2 -9999 -9999 0.2 0.2 0.2 0.2 0.2 0.2 0.2 0.2 0.2 0.2 0.2 0.3 0.3 0.3 0.3 0.3 0.2 0.2 0.2 0.2 0.2 0.2 0.2 0.5 0.7 0.7 0.5 0.5 0.5 0.2 0.2 0.2 -9999 0.2 -9999 -9999 -9999 0.5 0.8 -9999 0.2 0.2 0.2 -9999 0.3 0.3 0.3 0.3 0.3 0.3 0.3 0.3 0.6 1 2.7 3.1 0.4 0.2 0.2 0.2 0.2 0.3 0.3 0.3 0.3 0.3 0.4 1 9.1 7.4 8.6 10.8 12.5 4.3 17.3 8.8 2.2 1.2 2.5 5.9 13.8 11.5 10.5 10 10.5 11.2
0.2 -9999 0.2 0.2 0.2 0.2 0.2 0.2 0.2 0.2 0.2 0.2 0.2 0.2 0.2 -9999 0.3 0.3 0.3 0.2 0.2 0.2 0.2 0.2 0.2 0.2 0.2 0.3 1.8 0.5 0.5 0.5 0.2 0.2 0.2 0.2 0.2 0.2 -9999 0.2 0.3 0.5 0.4 -9999 -9999 0.2 -9999 0.2 0.3 0.3 0.3 0.3 0.3 0.3 0.3 0.3 0.3 0.4 1.4 0.3 0.2 0.3 0.3 0.3 0.3 0.3 0.3 0.3 0.3 0.6 1.2 8.5 8.8 8.2 9.1 10 1.1 2.7 2.3 1.8 2.9 6.1 12.5 28.7 17.9 13.3 13.3 13.1 12.2
-9999 -9999 0.2 0.2 0.2 0.2 0.2 0.2 0.2 0.2 0.2 0.2 0.2 0.2 -9999 -9999 -9999 -9999 -9999 0.2 0.2 0.2 0.2 0.2 0.2 0.2 0.2 0.2 0.2 0.3 0.7 0.2 0.2 0.2 0.2 0.2 0.2 0.2 0.2 -9999 -9999 0.2 0.3 -9999 -9999 0.2 0.3 0.2 0.3 0.3 0.3 0.3 0.3 0.3 0.3 0.3 0.2 0.2 0.3 0.3 0.3 0.3 0.3 0.3 0.3 0.3 0.3 0.3 0.4 1.1 7.9 8.7 10.3 11.8 12.1 15.2 7.7 9.2 5.4 11.9 11 21.1 5.6 25 38.1 27.5 19.2 13.8 12.4
-9999 -9999 0.2 0.2 0.2 0.2 0.2 0.2 0.2 0.2 0.2 0.2 0.2 0.2 -9999 -9999 -9999 -9999 -9999 -9999 0.2 0.2 0.2 0.2 0.2 0.2 0.2 0.2 0.2 0.2 0.2 0.3 0.4 0.6 0.2 0.2 0.2 0.2 0.2 0.2 0.2 0.2 0.3 0.2 -9999 0.2 0.2 0.2 0.2 0.3 0.3 0.3 0.3 0.3 0.3 0.3 0.2 0.2 0.2 0.3 0.3 0.3 0.3 0.3 0.3 0.3 0.3 0.4 0.6 1.1 7.4 8 9.1 10.1 10.8 11.6 3.7 5.8 4.9 14.9 7.5 14.1 7.3 15.2 20.2 34.4 27.5 16 13.5
-9999 -9999 0.2 0.2 0.2 0.2 0.2 0.2 0.2 0.2 0.2 0.2 0.2 -9999 -9999 -9999 -9999 -9999 -9999 -9999 0.2 0.2 0.2 0.2 0.2 0.2 0.2 0.2 0.2 0.2 0.3 0.3 0.3 0.3 0.4 0.6 0.6 0.2 0.2 0.2 0.2 0.2 -9999 0.2 0.3 0.2 -9999 0.2 0.3 0.4 0.3 0.3 0.3 0.3 0.3 0.2 0.2 0.2 0.3 0.3 0.3 0.3 0.3 0.3 0.3 0.3 0.4 0.5 0.9 7.2 7.1 8.2 8.4 9.3 10 11.2 1.6 9.5 5.8 16.2 6.7 7.6 19.9 20.8 15.8 18.4 40.8 19.3 18.4
-9999 -9999 0.5 0.2 0.2 0.2 0.2 0.2 0.2 0.2 0.2 0.2 0.2 0.2 0.2 -9999 -9999 -9999 -9999 -9999 0.2 0.2 0.2 -9999 -9999 -9999 -9999 0.2 0.2 0.2 0.3 0.3 0.3 0.3 0.3 0.3 0.3 0.3 0.3 0.3 0.2 0.2 0.2 0.2 0.2 0.2 0.2 0.2 0.3 0.4 0.6 0.3 -9999 0.3 0.3 0.2 0.2 0.2 0.3 0.3 0.3 0.3 0.3 0.3 0.3 0.3 0.4 0.5 1 7.2 7 8.2 9 9.4 9.5 11.5 2.9 10.8 3.3 1.7 1.5 4.5 14.6 18.2 19.4 19.8 13.5 13 16.9
-9999 -9999 -9999 -9999 0.5 0.5 0.2 0.2 0.2 0.2 0.2 0.2 0.2 0.2 0.2 0.2 -9999 -9999 -9999 0.2 0.2 0.2 0.2 -9999 -9999 -9999 -9999 -9999 -9999 0.3 0.3 0.3 0.3 0.3 0.3 0.3 0.3 0.3 0.3 0.3 0.3 0.3 0.3 0.2 0.2 0.2 -9999 -9999 -9999 0.3 0.4 0.6 -9999 -9999 0.2 0.2 0.2 0.3 0.3 0.3 0.3 0.3 0.3 0.3 0.3 0.3 0.4 0.6 5.6 7.3 7.3 8.3 9.1 9.3 9.9 1.6 7.8 21.7 2.2 1 1.4 1.5 12.1 12.1 11.1 11.1 -9999 10.6 13.9
-9999 -9999 -9999 -9999 -9999 -9999 0.5 0.5 0.5 0.2 0.2 0.2 0.2 0.2 0.2 0.2 0.3 -9999 -9999 0.2 0.2 0.2 -9999 -9999 -9999 -9999 -9999 -9999 -9999 -9999 0.3 0.3 0.3 0.3 0.3 0.3 0.3 0.3 0.3 0.3 0.3 0.3 0.3 0.3 0.3 0.3 0.4 -9999 0.2 0.3 0.2 0.4 0.2 0.3 0.2 0.2 0.2 0.3 0.3 0.3 0.3 0.3 0.3 0.3 0.3 0.3 0.4 4.2 6.2 6.7 7.3 8.9 9.4 9.7 10.6 1.5 6.2 15.3 2.2 0.9 0.8 10 10.1 11.1 8.4 -9999 1.9 2.9 2.3
-9999 -9999 -9999 -9999 -9999 -9999 -9999 -9999 0.5 0.5 0.5 0.5 0.2 0.2 0.2 0.3 0.3 0 -9999 0.5 0.2 0.2 -9999 -9999 -9999 -9999 -9999 -9999 -9999 -9999 -9999 -9999 0.3 0.3 0.3 0.3 0.3 0.3 0.3 0.3 0.3 0.3 0.3 0.3 0.3 0.3 0.3 0.4 0.6 0.6 0.2 0.2 -9999 0.3 0.2 0.2 0.3 0.3 0.3 0.3 0.3 0.3 0.3 0.3 0.3 0.4 0.4 5 7.6 7.8 8.3 12.9 9.9 9.8 10.4 1.4 5.9 14.9 1.8 0.8 0.7 8.2 6.6 1.2 1 1.1 1.6 1.3 1.3
-9999 -9999 -9999 -9999 -9999 -9999 -9999 -9999 -9999 -9999 0.5 0.5 0.5 0.5 0.2 0.3 0 0 -9999 0.5 0.5 0.2 -9999 -9999 -9999 -9999 -9999 -9999 -9999 -9999 -9999 0.3 0.3 0.2 0.2 0.2 0.3 0.3 0.3 0.3 0.3 0.3 0.3 0.3 0.3 0.3 0.3 0.3 -9999 -9999 -9999 -9999 -9999 0.4 -9999 0.3 0.3 0.3 0.3 0.3 0.3 0.3 0.3 0.4 0.4 0.4 3.9 6.3 12 9 10.8 27 11.8 10.2 9.8 1.2 4.6 15.4 0.9 0.5 0.6 7.1 1.3 1 1.1 1.2 1.4 1.4 1.5
-9999 -9999 -9999 -9999 -9999 -9999 -9999 -9999 -9999 -9999 -9999 -9999 0.5 0.5 0 0 0 -9999 -9999 -9999 -9999 -9999 -9999 -9999 -9999 -9999 -9999 -9999 -9999 -9999 -9999 0.2 0.2 0.2 0.2 0.2 0.2 0.3 0.3 0.3 0.3 0.3 0.3 0.3 0.3 0.3 0.3 0.3 0.4 -9999 -9999 -9999 0.4 0.4 0.3 0.3 0.3 0.3 0.3 0.3 0.3 0.3 0.4 0.4 0.5 4.2 5.7 7.8 6.4 6.6 8.5 42.6 16.3 11.8 1.1 1.3 6.2 3.9 0.5 0.5 0.5 6.5 1.2 0.9 0.8 1.1 1.1 1.4 2.6
-9999 -9999 -9999 -9999 -9999 -9999 -9999 -9999 -9999 -9999 -9999 -9999 -9999 -9999 0 0 -9999 -9999 -9999 -9999 -9999 -9999 -9999 -9999 -9999 -9999 -9999 -9999 -9999 -9999 -9999 0.2 -9999 0.2 0.2 0.2 0.2 0.2 0.3 0.3 0.3 0.3 0.3 0.3 0.3 -9999 -9999 0.3 0.4 -9999 -9999 -9999 -9999 -9999 0.4 0.3 0.3 0.3 0.3 0.3 0.3 0.3 0.4 4.2 5.5 8 8 9.1 8.4 7.7 5.8 7.1 9.6 11.9 3.7 3.1 15.3 2.8 1 0.5 0.5 6.4 1 0.5 0.6 1 1 1.4 3.3
-9999 -9999 -9999 -9999 -9999 -9999 -9999 -9999 -9999 -9999 -9999 -9999 -9999 -9999 -9999 -9999 -9999 -9999 -9999 -9999 -9999 -9999 -9999 -9999 -9999 -9999 -9999 -9999 -9999 -9999 -9999 -9999 0.2 0.2 0.2 0.2 0.2 0.2 0.2 0.3 0.3 0.3 0.3 0.3 0.3 0.3 0.3 0.3 0.4 0.5 0.4 -9999 -9999 -9999 0.4 0.3 0.3 0.3 0.3 0.4 0.6 0.6 5.2 8 8.5 14.7 12.3 13.1 21.1 6.4 6.9 8 7.9 0.4 0.5 1.1 8 3.9 1.7 1.3 0.6 0.2 0.4 0.5 0.6 1.2 1.2 1.2 1
-9999 -9999 -9999 -9999 -9999 -9999 -9999 -9999 -9999 -9999 -9999 -9999 -9999 -9999 -9999 -9999 -9999 -9999 -9999 -9999 -9999 -9999 -9999 -9999 -9999 -9999 -9999 -9999 -9999 -9999 -9999 -9999 -9999 0.2 0.2 0.2 0.2 0.2 0.2 0.2 0.3 0.3 0.3 0.3 0.3 0.3 0.3 0.3 0.4 0.4 0.4 -9999 -9999 -9999 0.4 0.3 0.3 0.3 0.3 0.9 1.9 9.4 8.2 8.8 11.2 12.9 15.6 21.9 9.7 6.2 7.1 7.8 0.5 0.5 0.9 0.7 2.5 1.8 1.5 0.8 0.3 0.1 0.4 0.4 0.5 0.7 1.1 0.6 0.6
-9999 -9999 -9999 -9999 -9999 -9999 -9999 -9999 -9999 -9999 -9999 -9999 -9999 -9999 -9999 -9999 -9999 -9999 -9999 -9999 -9999 -9999 -9999 -9999 -9999 -9999 -9999 -9999 -9999 -9999 -9999 -9999 -9999 0.2 0.2 0.2 0.2 0.2 0.2 0.2 0.3 0.3 0.3 0.3 0.3 0.3 0.3 0.3 0.4 0.4 0.4 -9999 -9999 -9999 0.4 0.4 0.3 0.3 0.3 1.3 11.1 8.4 8 9.6 10.2 11.8 14.9 29.1 9.1 8 7.7 8 0.5 0.9 1.2 0.8 5.3 6.2 21.1 0.2 0.1 0.3 0.3 0.3 0.4 0.6 0.7 0.6 0.6
-9999 -9999 -9999 -9999 -9999 -9999 -9999 -9999 -9999 -9999 -9999 -9999 -9999 -9999 -9999 -9999 -9999 -9999 -9999 -9999 -9999 -9999 -9999 -9999 -9999 -9999 -9999 -9999 -9999 -9999 -9999 -9999 -9999 -9999 0.2 0.2 0.2 0.2 0.2 0.2 0.2 0.3 0.3 0.3 0.3 0.3 0.3 0.4 0.4 0.4 0.4 -9999 0.4 -9999 0.4 0.3 0.3 0.3 0.3 1.9 8.6 7.9 8.7 10.6 11.8 9.7 15.3 9.9 8.4 10.5 10.4 0.9 1.1 4.6 1.3 1 9.1 31.8 31.1 0.2 0.1 0.3 0.3 0.3 0.3 0.4 0.6 0.6 0.6
-9999 -9999 -9999 -9999 -9999 -9999 -9999 -9999 -9999 -9999 -9999 -9999 -9999 -9999 -9999 -9999 -9999 -9999 -9999 -9999 -9999 -9999 -9999 -9999 -9999 -9999 -9999 -9999 -9999 -9999 -9999 -9999 -9999 -9999 0.2 0.2 0.2 0.2 0.2 0.2 0.2 0.3 0.3 0.3 0.3 0.3 0.3 0.3 0.4 0.4 0.4 0.4 0.4 0.4 0.6 0.3 0.3 0.3 0.4 3 8.2 7.7 8.9 9.3 12 10 16.1 8.7 10.1 14.1 1.1 0.9 2.4 2.1 0.7 1.3 1.3 19.8 33.3 0.3 0.3 0.3 0.3 0.3 0.3 0.4 0.5 0.5 0.6
-9999 -9999 -9999 -9999 -9999 -9999 -9999 -9999 -9999 -9999 -9999 -9999 -9999 -9999 -9999 -9999 -9999 -9999 -9999 -9999 -9999 -9999 -9999 -9999 -9999 -9999 -9999 -9999 -9999 -9999 -9999 -9999 -9999 -9999 0.2 0.2 0.2 0.2 0.2 0.2 0.2 0.2 0.3 0.3 0.3 0.3 0.3 0.4 0.4 0.4 0.4 0.4 0.5 0.5 0.4 0.3 0.3 0.3 0.5 2.7 6.9 6.9 7.9 8.1 9.2 10.1 6.6 -9999 7.7 0.9 0.6 0.8 6 15 0.8 0.9 1.4 2.6 3.7 1.7 0.3 0.3 0.3 0.3 0.3 0.3 0.4 0.5 0.7
-9999 -9999 -9999 -9999 -9999 -9999 -9999 -9999 -9999 -9999 -9999 -9999 -9999 -9999 -9999 -9999 -9999 -9999 -9999 -9999 -9999 -9999 -9999 -9999 -9999 -9999 -9999 -9999 -9999 -9999 -9999 -9999 -9999 -9999 0.2 0.2 0.2 0.2 0.2 0.2 0.2 0.2 0.3 0.3 0.3 0.3 0.3 0.4 0.4 0.4 0.4 0.4 0.6 0.6 -9999 -9999 0.3 0.6 1.3 1.8 4.9 6 7.8 8.4 10.2 8.4 6.2 -9999 -9999 0.4 0.3 0.4 11.8 0.6 0.5 0.9 1.5 2 2.3 1.6 0.3 0.3 0.3 0.3 0.3 0.3 0.4 1 -9999
-9999 -9999 -9999 -9999 -9999 -9999 -9999 -9999 -9999 -9999 -9999 -9999 -9999 -9999 -9999 -9999 -9999 -9999 -9999 -9999 -9999 -9999 -9999 -9999 -9999 -9999 -9999 -9999 -9999 -9999 -9999 -9999 -9999 -9999 0.2 0.2 0.2 0.2 0.2 0.2 0.2 0.2 0.2 0.3 0.3 0.3 0.3 0.4 0.4 0.4 0.4 0.5 0.6 0.6 0.3 -9999 0.4 0.8 1.3 0.8 0.9 7.1 7.8 9.9 8.8 5.4 -9999 -9999 -9999 -9999 -9999 0.6 -9999 0.4 0.8 0.9 0.9 0.9 1.3 0.6 0.3 0.3 0.3 0.3 0.3 0.3 0.4 -9999 -9999
-9999 -9999 -9999 -9999 -9999 -9999 -9999 -9999 -9999 -9999 -9999 -9999 -9999 -9999 -9999 -9999 -9999 -9999 -9999 -9999 -9999 -9999 -9999 -9999 -9999 -9999 -9999 -9999 -9999 -9999 -9999 -9999 -9999 -9999 0.2 0.2 0.2 0.2 0.2 0.2 0.2 0.2 0.2 0.3 0.3 0.3 0.3 0.3 0.4 0.2 -9999 -9999 -9999 0.3 0.2 -9999 0.2 1.1 1.1 0.6 1.2 1.3 8 9.4 5.9 -9999 -9999 -9999 -9999 -9999 -9999 -9999 -9999 -9999 0.6 4.5 0.6 0.4 0.5 0.3 0.3 0.3 0.3 0.3 0.3 0.3 -9999 -9999 -9999
-9999 -9999 -9999 -9999 -9999 -9999 -9999 -9999 -9999 -9999 -9999 -9999 -9999 -9999 -9999 -9999 -9999 -9999 -9999 -9999 -9999 -9999 -9999 -9999 -9999 -9999 -9999 -9999 -9999 -9999 -9999 -9999 -9999 -9999 -9999 0.2 0.2 0.2 0.2 0.2 0.2 0.2 0.2 0.3 0.3 0.3 0.3 0.3 0.3 0.1 -9999 -9999 -9999 0.4 0.7 1.1 1.3 1.1 0.6 0.4 1.2 1 0.8 0.6 -9999 -9999 -9999 -9999 2 1.5 33.8 27.4 30.1 23 2.8 0.5 0.6 0.4 0.3 0.3 0.3 0.3 0.3 0.3 0.3 0.3 0.3 -9999 -9999
-9999 -9999 -9999 -9999 -9999 -9999 -9999 -9999 -9999 -9999 -9999 -9999 -9999 -9999 -9999 -9999 -9999 -9999 -9999 -9999 -9999 -9999 -9999 -9999 -9999 -9999 -9999 -9999 -9999 -9999 -9999 -9999 -9999 -9999 -9999 0.2 0.2 0.2 0.2 0.2 0.2 0.2 0.2 0.3 0.3 0.3 0.3 0.4 0.1 0.2 -9999 -9999 -9999 0.4 2.5 1.3 25.7 33.8 7.4 -9999 -9999 -9999 -9999 -9999 -9999 -9999 -9999 2.9 35.4 33.1 31.2 26.5 23.7 0.7 0.4 0.2 0.2 0.2 0.3 0.3 0.3 0.3 0.3 0.3 0.3 0.3 0.3 0.3 0.3
-9999 -9999 -9999 -9999 -9999 -9999 -9999 -9999 -9999 -9999 -9999 -9999 -9999 -9999 -9999 -9999 -9999 -9999 -9999 -9999 -9999 -9999 -9999 -9999 -9999 -9999 -9999 -9999 -9999 -9999 -9999 -9999 -9999 -9999 -9999 -9999 0.2 0.2 0.2 0.2 0.2 0.2 0.3 0.3 0.3 0.3 0.3 0.2 0.2 0.2 0.2 0.5 1 2.5 1 2 7.5 -9999 -9999 -9999 -9999 -9999 -9999 -9999 -9999 -9999 -9999 -9999 33.1 39.5 36.1 32 0.8 0.3 0.3 0.2 -9999 0.3 0.3 0.3 0.3 0.3 0.3 0.3 0.3 0.3 0.3 0.3 0.3
-9999 -9999 -9999 -9999 -9999 -9999 -9999 -9999 -9999 -9999 -9999 -9999 -9999 -9999 -9999 -9999 -9999 -9999 -9999 -9999 -9999 -9999 -9999 -9999 -9999 -9999 -9999 -9999 -9999 -9999 -9999 -9999 -9999 -9999 0.3 -9999 0.2 0.2 0.2 0.2 0.2 0.3 0.3 0.3 0.3 0.3 -9999 0.2 0.2 0.2 0.3 0.5 0.7 0.8 1.1 2.4 37.6 -9999 -9999 -9999 -9999 -9999 -9999 -9999 -9999 -9999 -9999 -9999 -9999 38.2 38.9 0.8 0.3 0.3 0.3 0.3 -9999 0.3 0.3 0.3 0.3 0.3 0.3 0.3 0.3 0.3 0.3 0.3 0.3
-9999 -9999 -9999 -9999 -9999 -9999 -9999 -9999 -9999 -9999 -9999 -9999 -9999 -9999 -9999 -9999 -9999 -9999 -9999 -9999 -9999 -9999 -9999 -9999 -9999 -9999 -9999 -9999 -9999 -9999 -9999 -9999 -9999 0.3 0.3 0.3 -9999 0.2 0.2 0.2 0.2 0.3 0.3 0.3 0.3 0.3 -9999 0.2 0.2 0.3 0.4 0.6 0.6 0.8 1.5 4.1 37.1 44.2 -9999 -9999 -9999 -9999 -9999 -9999 -9999 -9999 -9999 -9999 -9999 -9999 0.9 0.3 0.3 0.3 0.3 0.3 -9999 0.4 0.4 0.4 0.4 0.4 0.4 0.3 0.3 0.3 0.3 0.3 0.3
-9999 -9999 -9999 -9999 -9999 -9999 -9999 -9999 -9999 -9999 -9999 -9999 -9999 -9999 -9999 -9999 -9999 -9999 -9999 -9999 -9999 -9999 -9999 -9999 -9999 -9999 -9999 -9999 -9999 -9999 -9999 -9999 -9999 0.3 0.3 0.3 0.3 0.3 -9999 0.2 0.3 0.3 0.3 0.3 0.3 0.1 -9999 -9999 0.2 0.5 0.6 0.6 0.7 1.2 2.3 7.2 37.4 41.5 43.8 -9999 -9999 -9999 -9999 2.1 -9999 -9999 -9999 -9999 -9999 0.9 0.3 0.3 0.3 0.3 0.3 -9999 -9999 1.4 1.4 0.2 0.2 0.2 0.2 0.3 0.3 0.3 0.3 0.3 0.3
-9999 -9999 -9999 -9999 -9999 -9999 -9999 -9999 -9999 -9999 -9999 -9999 -9999 -9999 -9999 -9999 -9999 -9999 -9999 -9999 -9999 -9999 -9999 -9999 -9999 -9999 -9999 -9999 -9999 -9999 -9999 -9999 -9999 0.3 0.3 0.3 0.3 -9999 -9999 -9999 -9999 -9999 -9999 0.1 0.1 0.1 0.1 -9999 0.5 0.8 -9999 0.7 1 1.4 2.5 7.4 40.6 27.3 -9999 0.5 -9999 -9999 2.2 -9999 -9999 -9999 -9999 -9999 1.2 0.4 0.3 0.3 0.3 0.3 0.4 -9999 0.7 0.2 0.2 0.2 0.2 0.2 0.2 0.1 0.3 0.3 0.3 0.3 0.3
-9999 -9999 -9999 -9999 -9999 -9999 -9999 -9999 -9999 -9999 -9999 -9999 -9999 -9999 -9999 -9999 -9999 -9999 -9999 -9999 -9999 -9999 -9999 -9999 -9999 -9999 -9999 -9999 -9999 -9999 -9999 -9999 -9999 0.3 0.3 0.3 0.3 -9999 -9999 -9999 -9999 0.3 0.3 0.1 0.1 0.1 -9999 0.3 0.4 0.4 0.9 0.9 1.1 2.3 9.5 5.8 -9999 0.3 0.2 0.7 1.3 3.8 3.5 -9999 -9999 -9999 -9999 0.9 0.4 0.4 0.3 0.3 0.3 0.3 0.3 -9999 0.2 0.2 0.2 0.2 0.2 0.2 0.2 0.1 0.1 0.3 0.3 0.3 0.3
-9999 -9999 -9999 -9999 -9999 -9999 -9999 -9999 -9999 -9999 -9999 -9999 -9999 -9999 -9999 -9999 -9999 -9999 -9999 -9999 -9999 -9999 -9999 -9999 -9999 -9999 -9999 -9999 -9999 -9999 -9999 -9999 -9999 0.3 0.3 0.3 0.3 -9999 -9999 -9999 -9999 0.3 0.1 0.1 0.1 0.2 -9999 -9999 0.2 0.3 0.8 0.9 1.8 8.3 3 0.4 0.5 0.5 0.4 0.4 3.4 41 11.7 0.5 -9999 -9999 -9999 0.4 0.3 0.3 0.3 0.3 0.3 0.3 0.3 0.3 0.1 0.2 0.2 0.2 0.2 0.2 0.1 -9999 -9999 3.6 0.3 0.3 0.3
-9999 -9999 -9999 -9999 -9999 -9999 -9999 -9999 -9999 -9999 -9999 -9999 -9999 -9999 -9999 -9999 -9999 -9999 -9999 -9999 -9999 -9999 -9999 -9999 -9999 -9999 -9999 -9999 -9999 -9999 -9999 -9999 -9999 0.3 0.3 0.3 0.3 0.3 -9999 0.3 0.3 0.3 0.1 0.1 0.2 0.6 -9999 -9999 0.5 0.3 0.6 0.9 2.5 3.7 -9999 -9999 0.3 0.5 0.6 2.9 37.2 10 0.6 0.7 2.4 -9999 0.6 0.3 0.3 0.3 0.3 0.3 0.3 0.3 0.3 0.1 0.1 0.1 0.1 0.2 0.2 0.2 -9999 -9999 -9999 -9999 -9999 3.6 0.3
