data-raw/wwl Heksenlaak/RasterHeks/output/dmgwet-__-1981-2010.asc
NCOLS 100 
NROWS 100 
XLLCORNER 226500 
YLLCORNER 460500 
CELLSIZE 25 
NODATA_value -9999 
[rows 39 to 77 of 100, columns 0 to 88 of 100]
-9999 -9999 -9999 -9999 -9999 -9999 -9999 -9999 -9999 -9999 -9999 -9999 -9999 -9999 -9999 -9999 -9999 -9999 -9999 -9999 -9999 -9999 -9999 -9999 -9999 -9999 -9999 -9999 -9999 -9999 -9999 -9999 0.2 0.2 0.2 0.2 0.2 0.2 -9999 0.3 0.3 0.3 0.2 0.3 0.7 7.6 19.6 7.3 21.6 1.1 0.3 0.6 2.3 -9999 0.2 -9999 -9999 0.4 1.6 31.8 1.5 0.4 0.4 13.1 -9999 0.6 0.5 0.4 0.3 0.3 0.3 0.3 0.3 0.3 -9999 -9999 0.1 0.1 0.1 0.1 0.2 0.2 0.1 -9999 0.1 4 7 13.8 6.5
-9999 -9999 -9999 -9999 -9999 -9999 -9999 -9999 -9999 -9999 -9999 -9999 -9999 -9999 -9999 -9999 -9999 -9999 -9999 -9999 -9999 -9999 -9999 -9999 -9999 -9999 -9999 -9999 -9999 0.2 0.2 0.2 0.2 0.2 0.2 0.2 0.2 0.2 0.3 0.3 0.3 0.4 0.2 0.6 4.5 41.8 43.7 6.7 2 1 0.7 1.1 0.9 0.2 -9999 0.2 -9999 0.4 1.5 1 0.4 0.4 5.9 40.2 0.7 0.3 0.3 0.3 0.4 0.4 0.3 0.3 0.3 0.1 -9999 0.1 0.1 0.1 0.1 0.1 0.2 0.1 0.1 -9999 0.1 4.1 11.4 28.1 26.3
-9999 -9999 -9999 -9999 -9999 -9999 -9999 -9999 -9999 -9999 -9999 -9999 -9999 -9999 -9999 -9999 -9999 -9999 -9999 -9999 -9999 -9999 -9999 -9999 -9999 -9999 0.2 0.2 -9999 0.3 0.2 0.2 0.2 0.2 0.2 0.2 0.2 0.2 0.3 0.3 0.3 0.2 0.4 1 1.9 16.3 27.5 7.4 0.7 1.1 1.5 2.8 1.4 -9999 -9999 -9999 -9999 1.3 1.7 0.3 0.4 0.7 36 0.6 0.3 0.3 0.3 0.3 0.3 0.4 0.4 0.1 0.1 0.2 0.2 0.1 0.2 0.1 0.1 0.1 0.1 0.1 0.1 0.1 0.1 3.8 14 40.3 40.2
-9999 -9999 -9999 -9999 -9999 -9999 -9999 -9999 -9999 -9999 -9999 -9999 -9999 -9999 -9999 -9999 -9999 -9999 -9999 -9999 -9999 -9999 -9999 -9999 -9999 0.2 0.2 0.2 0.2 0.3 0.2 0.2 0.2 0.2 0.2 0.2 0.2 0.2 0.3 0.3 0.3 0.3 1.2 2.2 1.8 13.9 20.3 2 1 1.4 3 14.4 4.2 0.4 0.2 -9999 0.8 1.3 -9999 -9999 0.4 5.9 18 0.4 0.3 0.3 0.3 0.1 0.1 0.1 0.1 0.1 -9999 0.2 0.2 0.2 0.2 0.2 0.2 0.1 0.1 -9999 0.1 0.1 0.1 0.1 7.3 37.7 40.8
-9999 -9999 -9999 -9999 -9999 -9999 -9999 -9999 -9999 -9999 -9999 -9999 -9999 -9999 -9999 -9999 -9999 -9999 -9999 -9999 -9999 -9999 -9999 -9999 0.2 0.2 0.2 0.2 -9999 0.3 0.2 0.2 0.2 0.2 0.2 0.2 0.2 0.2 0.3 0.3 0.7 1.6 24.8 41.8 30 32.6 6 1.1 1.4 1.6 -9999 2.1 1.7 0.9 -9999 0.3 0.3 0.6 -9999 -9999 0.4 21 0.3 0.3 0.3 0.3 0.1 0.1 0.1 0.1 0.1 0.2 0.2 0.2 0.2 0.2 0.2 0.2 0.2 0.1 0.1 -9999 -9999 -9999 0.1 0.1 3.8 9.5 36.2
-9999 -9999 -9999 -9999 -9999 -9999 -9999 -9999 -9999 -9999 -9999 -9999 0.2 -9999 -9999 -9999 0.1 0.1 0.1 0.1 0.1 0.1 0.1 -9999 0.2 0.2 0.2 0.2 0.2 0.3 0.2 0.2 0.2 0.2 0.2 0.2 0.2 0.3 0.3 0.3 0.8 14.8 27.1 18.9 21.8 12.6 1 1.2 1.6 21.7 -9999 -9999 -9999 -9999 -9999 -9999 0.7 0.7 0.6 0.2 0.8 8.4 0.1 0.3 0.3 0.3 0.1 0.1 0.1 0.1 0.1 0.2 0.2 0.1 0.1 0.1 0.2 0.2 0.2 0.1 -9999 -9999 -9999 0.1 0.1 0.1 0.1 5.1 41.2
-9999 -9999 -9999 -9999 -9999 -9999 -9999 -9999 -9999 -9999 -9999 -9999 0.2 0.2 -9999 -9999 0.1 0.1 0.1 0.1 0.1 0.1 0.1 0.1 0.1 -9999 -9999 -9999 -9999 -9999 -9999 -9999 0.2 0.2 0.2 0.2 0.2 0.3 0.3 0.3 0.8 7.9 27.6 19.4 23.3 5.9 1 0.8 0.9 -9999 -9999 -9999 -9999 -9999 -9999 -9999 0.7 0.8 1 0.5 20.5 0.3 0.1 0.3 0.3 0.3 0.1 0.1 0.1 0.1 -9999 0.1 0.1 0.1 0.1 0.1 0.1 0.1 0.1 0.1 -9999 -9999 0.1 0.1 0.1 0.1 0.1 0.2 16.2
-9999 -9999 -9999 -9999 -9999 -9999 -9999 -9999 -9999 -9999 -9999 0.2 0.2 0.2 0.2 -9999 0.1 0.1 0.1 0.1 0.1 0.1 0.1 0.1 0.1 0.1 0.1 0.1 0.1 0.2 0.2 0.2 0.2 0.2 0.2 0.2 0.2 0.3 0.3 0.3 0.6 0.3 0.3 0.3 0.3 -9999 -9999 0.3 -9999 -9999 -9999 -9999 -9999 -9999 -9999 -9999 0.3 0.7 0.4 2.6 32.3 -9999 0.3 0.3 0.3 0.3 0.3 0.1 0.1 -9999 -9999 0.1 0.1 0.1 0.1 0.1 0.1 0.1 0.1 0.2 -9999 0.1 0.1 0.1 0.1 0.1 0.1 0.1 0.4
-9999 -9999 -9999 -9999 0 0 0 0 0.2 -9999 -9999 0.2 0.2 0.2 -9999 -9999 0.1 0.1 0.1 0.1 0.1 0.1 0.1 0.1 0.1 0.1 0.1 0.1 0.2 0.2 0.2 0.2 0.2 0.2 0.2 0.2 0.2 0.3 0.3 0.3 -9999 -9999 -9999 0.2 0.7 1.1 1.2 0.5 -9999 -9999 -9999 -9999 -9999 -9999 -9999 0.1 0.3 0.4 0.3 0.7 31.5 -9999 0.3 0.3 0.3 0.3 0.3 0.1 0.1 -9999 0.1 0.1 0.1 0.1 0.1 0.1 0.1 0.1 -9999 0.2 0.2 0.2 0.1 0.1 0.1 0.1 0.1 0.2 0.3
-9999 0 0 0 0 0 0 0.2 0.2 -9999 0.2 0.2 0.2 0.2 -9999 -9999 0.1 0.1 0.1 0.1 0.1 0.1 0.1 0.1 0.1 0.1 0.1 0.1 0.2 0.2 0.2 0.2 0.2 0.2 0.2 0.2 0.2 0.3 0.3 0.3 -9999 -9999 -9999 0.3 2.1 1.9 1.3 0.5 -9999 -9999 -9999 -9999 -9999 -9999 -9999 0.1 0.3 0.5 0.7 0.7 0.7 0.2 0.3 0.3 0.3 0.1 0.1 0.1 -9999 -9999 0.1 0.1 0.1 0.1 0.1 0.1 0.1 0.1 -9999 0.2 0.2 0.2 0.2 0.1 0.1 0.1 0.1 0.1 0.3
-9999 0 0 0 0 -9999 0 0.2 -9999 -9999 0.2 0.2 0.2 -9999 -9999 -9999 0.1 0.1 0.1 0.1 0.1 0.1 0.1 0.1 0.1 0.1 0.1 0.1 0.2 0.2 0.2 0.2 0.2 0.2 0.2 0.2 0.2 0.3 0.3 -9999 -9999 -9999 0.3 -9999 0.6 0.5 0.5 1 -9999 -9999 -9999 -9999 -9999 -9999 -9999 0.1 0.3 0.7 3.5 15.2 5.3 0.2 -9999 -9999 -9999 0.2 0.1 0.1 0.1 0.1 0.1 0.1 0.1 0.1 0.1 0.1 0.1 -9999 0.2 0.2 0.2 0.2 0.2 0.2 0.2 0.1 0.1 0.2 0.2
-9999 -9999 -9999 0 0.3 -9999 0.3 0.2 -9999 0.2 0.2 0.2 -9999 -9999 -9999 -9999 0.1 0.1 0.1 0.1 0.1 0.1 0.1 0.1 0.1 0.1 0.1 0.1 0.2 0.2 0.2 0.2 0.2 0.2 0.2 0.2 0.2 0.3 0.3 0.3 -9999 -9999 -9999 -9999 0.5 0.5 0.5 1.4 -9999 -9999 -9999 -9999 -9999 -9999 0.2 0.1 0.3 1.3 4.2 26.7 22.6 0.9 0.3 -9999 -9999 -9999 0.2 0.2 0.2 0.1 0.1 0.1 0.1 0.1 0.1 0.1 0.1 -9999 0.2 0.2 0.2 0.2 0.2 0.2 0.2 0.1 0.1 0.1 0.2
0.3 0.3 0.3 0.3 -9999 0.3 0.3 -9999 -9999 0.2 0.2 0.2 -9999 -9999 -9999 0.1 0.1 0.1 0.1 0.1 0.1 0.1 0.1 0.1 0.1 0.1 0.1 0.2 0.2 0.2 0.2 0.2 0.1 0.2 0.2 0.2 0.2 0.3 0.3 -9999 -9999 -9999 -9999 0.5 0.7 0.5 0.6 0.8 -9999 -9999 -9999 -9999 -9999 -9999 0.1 0.1 0.3 1.2 13.4 28 29.4 0.8 0.2 -9999 -9999 -9999 0.2 0.2 0.2 -9999 0.2 0.2 0.2 0.2 0.1 0.1 0.1 0.2 0.2 0.2 0.2 0.2 0.2 0.2 0.1 0.2 0.1 0.1 0.1
0.3 0.3 0.3 0.3 0.3 0.3 0.3 0.2 0.1 0.1 0.1 -9999 -9999 -9999 -9999 -9999 -9999 -9999 -9999 -9999 -9999 -9999 0.1 0.1 0.1 0.1 0.2 0.2 0.2 0.2 0.2 0.2 0.1 0.2 0.2 0.2 0.2 0.3 0.3 0.3 -9999 -9999 -9999 -9999 0.6 0.5 0.6 0.6 -9999 0.6 -9999 -9999 -9999 -9999 0.1 0.1 0.3 0.6 13.9 22.1 25.7 0.9 0.2 -9999 -9999 -9999 -9999 -9999 -9999 -9999 -9999 -9999 0.2 -9999 -9999 0.1 -9999 0.2 0.2 0.2 0.2 0.2 0.2 0.1 0.2 0.1 0.1 0.1 0.1
0.3 0.3 0.3 0.3 0.3 0.3 0.3 -9999 0.1 0.1 0.1 0.1 0.1 0.1 -9999 -9999 -9999 -9999 -9999 -9999 -9999 -9999 -9999 0.1 0.1 0.1 -9999 -9999 -9999 0.2 0.2 0.2 0.1 0.2 0.2 0.2 0.2 0.2 0.3 0.3 0.3 -9999 -9999 -9999 0.5 0.4 0.3 -9999 1.5 -9999 0.9 0.7 0.2 0.3 0.1 0.1 0.3 0.3 1.3 14.6 31.5 0.5 -9999 -9999 -9999 -9999 -9999 -9999 -9999 -9999 -9999 -9999 -9999 -9999 -9999 -9999 -9999 0.1 0.1 0.2 0.2 0.2 0.2 0.1 0.1 0.1 0.1 0.1 0.2
0.3 0.3 0.3 0.3 0.3 -9999 -9999 0.1 0.1 0.1 0.1 0.1 0.1 0.1 0.1 0.1 -9999 -9999 -9999 -9999 -9999 -9999 -9999 0.1 0.1 0.1 -9999 -9999 -9999 0.2 0.2 0.2 0.1 0.2 0.2 0.2 0.2 0.2 0.3 -9999 0.3 0.5 0.3 0.4 0.5 -9999 0.3 0.5 0.6 0.6 0.7 -9999 -9999 0.5 0.2 0.3 0.3 0.3 0.3 1.2 28.6 1.6 -9999 -9999 -9999 -9999 -9999 -9999 -9999 -9999 -9999 -9999 -9999 -9999 -9999 -9999 -9999 0.1 0.1 0.1 -9999 0.2 0.1 0.1 0.1 0.1 0.1 0.1 0.2
0.3 0.3 -9999 -9999 -9999 0.3 0.2 0.1 0.1 0.1 0.1 0.1 0.1 0.1 0.1 0.2 0.2 0.2 0.2 0.2 -9999 -9999 -9999 0.1 0.1 -9999 -9999 0.2 0.2 0.2 0.2 0.2 0.1 0.2 0.2 0.2 0.2 0.2 0.3 -9999 0.3 0.4 0.3 0.6 0.7 0.4 0.5 0.6 0.7 -9999 0.6 -9999 0.4 0.3 0.2 0.3 0.3 0.3 0.3 0.4 2.9 1.2 0.4 -9999 0.7 0.2 -9999 -9999 -9999 -9999 -9999 -9999 -9999 -9999 -9999 -9999 -9999 -9999 0.1 0.1 -9999 -9999 0.1 0.1 0.1 0.1 0.1 0.2 0.1
-9999 -9999 0.3 0.3 0.3 0.3 0.1 0.1 0.1 0.1 0.1 0.1 0.1 0.1 0.1 0.2 0.2 0.2 0.2 0.2 0.2 0.2 0.2 -9999 -9999 -9999 -9999 0.2 0.2 0.2 0.2 0.2 -9999 0.2 0.3 0.3 0.3 0.3 0.3 0.3 -9999 0.4 0.3 -9999 1 1 0.5 0.6 1 1 0.3 0.3 0.3 0.6 0.6 0.3 0.3 0.3 0.3 0.3 0.8 0.5 0.3 0.3 0.2 0.2 -9999 -9999 -9999 -9999 -9999 -9999 -9999 -9999 -9999 -9999 -9999 -9999 -9999 0.2 0.1 0.1 0.2 0.1 0.1 0.1 -9999 -9999 0.1
-9999 0.3 0.3 0.3 0.3 0.3 0.2 0.1 0.1 0.1 0.1 0.1 0.1 0.1 0.2 0.2 0.2 0.2 0.2 0.2 0.2 0.2 0.2 -9999 -9999 -9999 -9999 0.2 0.2 0.2 0.2 0.2 -9999 0.3 0.3 0.3 0.3 0.3 0.3 0.3 0.3 0.3 0.3 0.7 1.2 1.1 0.5 0.7 0.9 1 0.9 0.3 0.3 0.3 0.4 0.3 0.3 0.3 0.3 0.3 0.4 0.4 0.3 0.3 0.2 0.2 -9999 -9999 -9999 -9999 -9999 -9999 -9999 -9999 -9999 -9999 -9999 -9999 8.4 38.5 34.8 24.6 0.5 0.2 0.1 -9999 -9999 -9999 0.2
0.3 0.3 0.3 0.3 0.3 0.3 0.2 0.2 0.1 0.1 0.1 0.1 0.1 0.2 0.2 0.2 0.2 0.2 0.2 0.2 0.2 0.2 -9999 -9999 -9999 -9999 0.3 0.2 0.2 0.2 -9999 -9999 -9999 0.3 0.3 0.3 0.3 0.3 0.3 0.3 0.3 0.3 0.2 0.5 1.9 1.9 0.7 0.6 0.8 1.3 -9999 0.5 0.3 0.3 0.3 0.3 0.3 0.3 0.3 0.3 0.3 0.3 0.3 0.3 0.3 0.2 0.8 0.6 -9999 -9999 -9999 -9999 -9999 -9999 -9999 -9999 -9999 0.8 1.3 38.4 38.5 38.5 38.5 34 0.7 0.2 -9999 -9999 -9999
0.3 0.3 0.3 0.3 0.3 0.3 0.3 0.2 0.1 0.1 0.1 0.1 0.2 0.2 0.2 0.2 0.2 0.2 0.2 0.2 0.2 0.3 0.3 -9999 -9999 -9999 0.3 0.2 -9999 0.2 0.2 -9999 -9999 0.2 0.3 0.3 0.3 0.3 0.3 0.3 0.3 0.3 0.2 0.5 1.1 5.9 1.2 0.6 0.5 0.8 1.1 0.5 0.3 0.3 0.3 0.3 0.3 0.3 0.3 0.3 0.3 0.3 0.3 0.3 0.3 0.2 0.9 0.9 0.3 -9999 -9999 -9999 -9999 -9999 -9999 -9999 -9999 -9999 0.9 38.5 38.5 38.5 35.5 38.5 31.1 30.5 5.8 0.9 0.2
0.3 0.3 0.3 0.3 0.3 0.3 0.3 0.3 0.3 0.1 0.1 0.1 0.2 0.2 0.2 0.2 0.2 0.2 0.2 0.1 0.3 0.3 0.3 0.3 0.3 -9999 -9999 -9999 -9999 -9999 0.2 -9999 -9999 0.2 0.3 0.3 0.3 0.3 0.3 0.3 -9999 -9999 0.2 0.2 1 20.6 22.2 1.5 0.5 0.6 1 1.7 0.4 0.3 0.3 0.3 0.3 0.3 0.3 0.3 0.3 0.3 0.3 0.3 0.3 0.2 0.9 1 2.8 -9999 -9999 -9999 -9999 -9999 -9999 -9999 -9999 38.7 0.9 38.5 38.5 38.6 38.6 38.4 30.2 27.3 35 31.4 0.8
0.3 0.3 0.3 0.3 0.3 0.3 0.3 0.3 0.3 0.1 0.1 0.2 0.2 0.2 0.2 0.2 0.2 0.2 0.2 0.2 0.2 0.2 0.3 0.3 0.3 0.3 0.3 -9999 -9999 -9999 -9999 -9999 -9999 -9999 -9999 0.3 0.3 0.3 0.3 -9999 -9999 -9999 0.2 0.2 0.9 17.8 25.4 12.4 1.3 1.1 0.6 -9999 0.5 0.3 0.3 0.3 0.3 0.3 0.3 0.3 0.3 0.3 0.3 0.3 0.3 0.2 0.3 1.2 5.1 9.3 -9999 -9999 -9999 -9999 32.3 38.6 38.6 38.6 0.9 37.6 35.2 34.8 37.8 37.9 30.1 31.7 44.6 36.7 0.8
0.3 0.3 0.3 0.3 0.3 0.3 0.3 0.3 0.2 -9999 0.1 0.2 0.2 0.2 0.2 0.2 -9999 -9999 0.2 0.2 0.2 0.2 0.2 0.2 0.3 0.3 0.3 0.3 -9999 -9999 -9999 -9999 -9999 -9999 0.3 0.3 0.3 0.3 0.3 0.3 -9999 -9999 -9999 0.2 0.6 13.8 33.1 34.9 19.5 0.6 0.3 0.3 -9999 0.2 0.3 0.3 0.3 0.3 0.3 0.3 0.3 0.3 0.3 0.3 0.3 0.1 0.2 1.3 10 20.1 23.8 12.9 31.4 38.6 38.6 38.8 19.5 8.9 0.5 25.7 24.2 18.2 12.9 23.1 21.3 22.7 25.3 32.7 9.6
0.3 0.3 0.3 0.3 0.3 0.3 0.3 0.3 -9999 -9999 -9999 -9999 0.2 0.2 0.2 0.2 -9999 0.2 0.2 0.2 0.2 0.2 0.2 0.2 0.2 0.2 0.3 0.3 -9999 -9999 -9999 -9999 -9999 0.3 0.3 0.3 0.3 0.3 0.3 0.3 0.3 0.3 0.1 0.2 0.5 20.9 38.4 29 22.3 1.5 0.5 0.3 0.3 -9999 0.1 0.3 0.3 0.3 0.3 0.3 0.3 0.3 0.3 0.3 0.1 -9999 0.2 0.4 13.6 23.6 26 29.6 33 35.1 31.6 3.3 21.9 16.2 0.5 8.3 8.6 2.6 1 1.9 0.9 1.1 7.4 9.3 0.7
0.3 0.3 0.3 0.3 0.3 0.3 0.3 0.3 -9999 -9999 -9999 -9999 -9999 0.1 0.2 -9999 -9999 0.5 0.2 0.2 0.2 0.2 0.2 0.2 0.2 0.2 0.2 0.2 0.3 -9999 -9999 -9999 -9999 -9999 0.2 0.2 0.2 0.2 0.2 0.3 0.3 0.3 0.1 0.2 0.5 6.8 21.6 26.7 39.9 31.7 20.9 4.9 0.6 -9999 0.2 0.3 0.3 0.3 0.3 0.3 0.3 0.3 -9999 -9999 -9999 -9999 -9999 0.2 0.3 1.4 4.5 42.7 45.5 45.7 45.6 35 4.1 1.4 0.8 0.7 1.1 0.9 0.8 0.7 0.5 0.3 0.4 0.4 1
-9999 0.3 0.3 0.3 0.3 0.3 0.3 0.2 -9999 0.3 0.2 -9999 0.1 0.1 -9999 -9999 0.5 0.5 0.5 0.2 0.2 0.2 0.2 0.2 0.2 0.2 0.2 0.2 0.2 -9999 -9999 -9999 -9999 0.2 0.2 0.2 0.2 0.2 0.2 0.3 0.3 0.3 0.3 0.3 1 0.7 1.5 20.4 43.3 24.6 36.7 20.9 7 6.9 -9999 0.2 0.1 0.3 0.3 0.3 0.3 0.6 0.2 -9999 0.2 -9999 -9999 -9999 0.2 5.1 26.8 35.3 43.6 44.2 45.7 43.6 18.3 6.4 5.1 0.5 0.6 0.5 0.5 0.5 0.4 0.4 0.4 0.3 5.9
0.3 -9999 0.3 0.3 0.3 0.3 0.2 0.2 0.2 0.2 -9999 0.2 0.1 -9999 -9999 -9999 -9999 -9999 0.5 0.5 0.5 0.2 0.5 0.5 0.5 0.2 0.2 0.2 0.2 -9999 0.2 0.2 0.2 0.2 0.2 0.2 0.2 0.2 0.2 0.3 0.3 0.3 0.3 0.9 3.8 18.3 22.8 7.8 21.8 27.1 28.5 22.8 15.3 24.8 28.6 14.8 18.9 1.7 0.6 0.6 0.8 0.7 0.4 -9999 -9999 -9999 -9999 7 8.8 4 14.7 19.3 43.4 44.3 45.6 43.7 10.9 5.5 1.2 0.4 0.6 0.5 0.5 0.5 0.5 0.4 0.4 0.3 -9999
0.3 0.3 -9999 0.3 0.3 -9999 0.2 0.2 0.2 0.2 0.2 0.5 0 -9999 -9999 -9999 -9999 -9999 0 -9999 0.5 -9999 -9999 -9999 0.5 0.5 0.2 0.2 0.2 0.2 0.2 0.2 0.2 0.2 0.2 0.2 0.2 0.2 0.2 0.3 0.3 0.3 0.3 0.9 4.1 37.7 39.4 5.7 0.9 4.6 34.2 24.5 12.1 9.6 13.1 5.2 4.4 15.5 21.7 26.9 4.9 1.2 0.7 0.4 -9999 8.9 10.6 25.7 17.9 23.7 15 11.1 32.3 15.6 14.2 9.3 7.9 0.5 0.4 0.4 0.5 0.3 0.3 0.2 0.2 0.2 0.2 0.2 -9999
0.3 0.3 0.3 0.3 0.3 -9999 0.2 0.2 0.2 0.2 0.2 0 0 0 -9999 -9999 -9999 -9999 -9999 -9999 -9999 -9999 -9999 -9999 -9999 -9999 0.5 0.2 0.2 0.2 0.2 0.2 0.2 0.2 0.2 0.2 0.3 0.3 0.3 0.3 0.3 0.3 0.4 0.6 1.2 30.4 33.8 23.7 9 4.3 43.3 33.6 5.1 6.4 3.6 1.2 0.9 2.9 12.8 13.5 14.9 33.5 32.7 9.4 5.6 26.6 23.3 20.5 31.5 42.8 20.3 17.6 13.6 11.1 10.9 8.8 6.4 0.3 0.3 0.5 0.2 0.2 0.2 0.2 0.2 0.2 0.2 0.2 -9999
0.3 0.3 -9999 0.3 0.2 0.2 0.2 0.2 0.2 0.2 0.2 0 0 -9999 -9999 -9999 -9999 -9999 -9999 -9999 -9999 -9999 -9999 -9999 -9999 -9999 0.5 0.5 0.2 0.2 0.2 0.2 0.2 0.2 0.2 0.3 0.3 0.3 0.3 0.3 0.3 0.3 0.4 0.4 0.6 0.9 1.3 2.4 7.5 26.3 35.7 13.2 9.5 36.5 22.7 13.4 10.4 4.1 8.4 4.6 2.2 19.4 24.5 41 37.9 27.5 29.8 23.5 48.7 38.8 30.1 20.7 13.6 11.2 10.1 8 6.5 6.4 0.3 0.3 0.2 0.2 0.2 0.2 0.1 0.1 0.1 0.2 -9999
0.3 -9999 0.3 0.3 0.3 0.2 0.2 0.2 0.2 0.2 -9999 -9999 0 -9999 -9999 -9999 -9999 -9999 -9999 -9999 -9999 -9999 -9999 -9999 -9999 -9999 -9999 -9999 0.2 0.2 0.2 0.2 0.2 0.2 0.2 0.3 0.3 0.3 0.3 0.3 0.3 0.3 0.4 0.4 0.4 0.6 0.7 0.6 1 1.8 -9999 1.1 9 37.4 13.4 4.5 4.4 3.1 2.1 0.6 0.5 1 16.4 22.9 47.9 29.2 19.1 46.8 48.7 49.1 43.4 22.6 15.7 11.2 9 7.4 8 7.3 0.3 0.7 -9999 1 1 -9999 0.6 0.6 0.6 0.6 0.7
0.2 0.2 0.2 0.2 0.3 0.3 0.2 0.2 0.2 0.2 0.5 -9999 -9999 -9999 -9999 -9999 -9999 -9999 -9999 -9999 -9999 -9999 -9999 -9999 -9999 -9999 -9999 -9999 -9999 0.2 0.2 0.2 0.2 0.2 0.2 0.3 0.3 0.3 0.3 0.3 0.3 0.3 0.3 0.7 0.6 0.4 0.6 0.6 -9999 1 -9999 -9999 1 0.9 0.9 1 1 1 1 0.9 0.6 0.3 1.8 7.3 -9999 44.2 46.3 49.1 45.6 48.8 49.3 48.9 26.7 12.2 10.1 10.1 10.2 9.5 9.3 0.9 1.3 1.3 1.4 3.5 2.6 2.8 3.1 3.1 1
0.2 0.2 0.2 0.2 0.3 0.3 0.3 0.2 0.2 0.2 -9999 -9999 -9999 -9999 -9999 -9999 -9999 -9999 -9999 -9999 -9999 -9999 -9999 -9999 -9999 -9999 -9999 -9999 -9999 0.5 0.2 0.2 0.2 0.2 0.2 0.3 0.3 0.3 0.3 0.3 0.3 0.3 0.3 0.4 0.4 0.6 0.6 -9999 -9999 -9999 -9999 -9999 0.4 0.4 0.4 0.4 0.4 0.3 0.3 0.3 0.3 -9999 -9999 -9999 -9999 -9999 48.7 36.1 39.1 43.6 46.4 48.8 49.1 46.3 20.9 15 13 11.6 9.9 9 0.9 -9999 0.7 1 0.4 0.5 0.4 0.5 1
0.2 0.2 0.2 0.2 0.2 0 0 0 0.5 -9999 -9999 -9999 -9999 -9999 -9999 -9999 -9999 -9999 -9999 -9999 -9999 -9999 -9999 -9999 -9999 -9999 -9999 -9999 -9999 -9999 0.2 0.2 0.2 0.2 0.2 0.3 0.3 0.3 0.3 0.3 0.3 0.3 0.3 0.4 0.4 0.4 0.6 0.6 1.1 0.7 -9999 -9999 0.3 0.3 0.3 0.3 0.3 0.3 0.3 0.3 0.3 0.4 -9999 -9999 -9999 -9999 45.4 38.3 28 26.7 33.1 38.3 39.5 37.6 37.4 23.3 11.4 8.7 9.5 6.6 -9999 -9999 0.6 0.7 0.4 0.4 0.4 0.3 0.3
0.2 0.2 0.2 -9999 -9999 -9999 -9999 0 -9999 -9999 -9999 -9999 -9999 -9999 -9999 -9999 -9999 -9999 -9999 -9999 -9999 -9999 -9999 -9999 -9999 -9999 -9999 -9999 -9999 -9999 0.2 0.2 0.2 0.2 0.2 0.3 0.3 0.3 0.2 0.3 0.3 0.3 0.3 0.4 0.4 0.4 -9999 0.6 1 0.3 0.3 -9999 -9999 0.3 0.3 0.3 0.3 0.3 0.3 0.3 0.3 0.3 -9999 -9999 -9999 40.9 46.9 44.8 33.7 26.4 18.9 21.3 24.8 21.7 26.2 23.7 20.3 11.1 9.7 8.3 6.8 6.5 1.8 1.1 0.5 0.4 0.3 0.2 0.2
0.2 0.2 -9999 -9999 -9999 -9999 -9999 -9999 -9999 -9999 -9999 -9999 -9999 -9999 -9999 -9999 -9999 -9999 -9999 -9999 -9999 -9999 -9999 -9999 -9999 -9999 -9999 -9999 -9999 -9999 0.2 0.2 0.2 0.2 0.2 0.2 0.2 0.2 0.2 0.2 0.2 0.2 0.3 0.5 0.3 0.3 0.2 0.2 0.2 0.2 0.2 0.2 0.2 0.3 0.3 0.3 0.3 0.3 0.3 0.3 0.3 0.1 -9999 -9999 7.1 13.8 47.3 47.5 41.3 33.2 24.4 21.2 15.3 13.7 18.6 23.4 16.2 -9999 -9999 -9999 -9999 14 9.4 7.7 5.3 4 3.3 3.2 0.3
0.2 0.2 -9999 -9999 -9999 -9999 0 -9999 -9999 -9999 -9999 -9999 -9999 -9999 -9999 -9999 -9999 -9999 -9999 -9999 -9999 -9999 -9999 -9999 -9999 -9999 -9999 -9999 -9999 0.2 0.2 0.2 0.2 0.2 0.2 0.2 0.2 0.2 0.2 0.2 0.2 0.2 0.2 0.5 0.3 0.3 0.6 0.4 0.7 0.4 -9999 0.2 0.2 0.2 0.2 0.2 0.2 -9999 -9999 -9999 -9999 -9999 -9999 -9999 1.1 2.5 9.7 43.9 48.9 46.7 32.3 22.2 13.2 10.9 13.3 22.7 14.5 20.4 -9999 -9999 19.6 12 11 11.7 15.5 11.1 10.5 9 7.4
0.3 0.3 0.3 0.3 0.3 0 -9999 -9999 -9999 -9999 -9999 -9999 -9999 -9999 -9999 -9999 -9999 -9999 -9999 -9999 -9999 -9999 -9999 -9999 -9999 -9999 -9999 -9999 -9999 0.2 0.2 0.2 0.2 0.2 0.2 0.2 0.2 0.2 0.2 0.2 0.2 0.2 0.2 1.1 0.3 0.5 0.7 0.4 0.7 0.7 0.6 0.4 0.4 0.3 0.2 0.2 -9999 -9999 -9999 -9999 -9999 -9999 -9999 0.3 0.6 0.8 1.3 5.6 39.2 49.4 45.1 20.6 13.6 12.2 16.2 11.4 19.9 10.5 9 9 9.7 9.8 8.9 8.9 9.7 10.9 10.3 8.7 8.8
