data-raw/wwl Heksenlaak/RasterHeks/input/MV_MIN_GHG_L1_REF.ASC
NCOLS                  100
NROWS                  100
XLLCORNER        226500.0
YLLCORNER        460500.0
CELLSIZE         25.00000
NODATA_VALUE    -9999.000
[rows 60 to 79 of 100, columns 45 to 89 of 100]
0.123676300000000 0.113313700000000 0.347257600000000 0.617167500000000 0.532994300000000 0.404285400000000 0.319140400000000 1.50403000000000 2.25628900000000 2.82877200000000 2.96371700000000 2.69586800000000 2.66720000000000 3.00803300000000 3.39337600000000 3.73779600000000 3.83631300000000 3.39382200000000 3.30301100000000 3.00874300000000 1.90148600000000 0.364081400000000 0.324712800000000 0.255687700000000 0.453632400000000 2.26607500000000 4.97896500000000 4.32570100000000 3.87271900000000 2.36584900000000 0.260180500000000 -4.459667200000000E-002 -3.785133400000000E-002 0.379129400000000 -4.907608000000000E-003 -2.600669900000000E-003 -1.052856400000000E-002 -8.009910600000000E-003 5.979538000000000E-004 4.946327200000000E-002 6.677532200000000E-002 2.144527400000000E-002 4.271316500000000E-002 0.423137700000000 0.364553500000000
0.141822800000000 9.353637700000000E-002 0.176474600000000 0.361908900000000 0.389451000000000 0.512419700000000 0.643928500000000 0.632416700000000 1.70881400000000 2.48141400000000 3.02865200000000 2.98719200000000 2.86504700000000 3.00529600000000 3.37932600000000 3.96552000000000 4.28028900000000 4.09658100000000 4.09324900000000 3.98203100000000 1.71848300000000 0.634035100000000 0.299324000000000 0.230549800000000 0.183341000000000 1.35555900000000 4.23537600000000 2.32714600000000 0.622945800000000 3.703594200000000E-002 -8.925437899999999E-003 -2.953052500000000E-002 -1.351642600000000E-002 0.393436400000000 1.770973200000000E-003 1.509571100000000E-002 1.721382100000000E-002 6.923675500000000E-004 -1.115322100000000E-002 4.325676000000000E-002 3.462314600000000E-002 9.794235199999999E-003 1.165962200000000E-002 0.414986600000000 0.113971700000000
0.167738000000000 5.092620800000000E-002 4.086875900000000E-002 0.129721600000000 0.518016800000000 0.778913500000000 0.765348400000000 0.701188100000000 0.997277300000000 2.05277100000000 2.76240400000000 3.03787000000000 3.12187600000000 3.21406800000000 3.37836600000000 3.74118600000000 3.96566600000000 4.08738600000000 4.45821100000000 4.58361200000000 2.43952100000000 0.982440900000000 0.298914000000000 0.178056700000000 0.110156100000000 8.724880200000000E-002 0.159004200000000 4.256629900000000E-002 -1.275062600000000E-003 -4.329681400000000E-003 -2.398014100000000E-002 0.116781200000000 0.188262900000000 0.577739700000000 6.727218600000000E-002 7.596206699999999E-002 0.111829800000000 0.151809700000000 8.215522800000000E-002 9.230232200000001E-002 8.463001300000000E-002 7.010841399999999E-002 2.948284100000000E-002 0.381558400000000 5.136966700000000E-002
0.122213400000000 2.334117900000000E-002 7.352447500000001E-002 0.111794500000000 0.335475900000000 0.574401900000000 0.739719400000000 0.772910100000000 0.549122800000000 1.62994200000000 2.31024600000000 2.70889100000000 3.07643200000000 3.26707900000000 3.34261300000000 3.44295900000000 3.47524600000000 3.59185900000000 3.86527800000000 3.07556300000000 1.34203900000000 1.10441400000000 0.566355700000000 0.154143300000000 8.876800500000000E-002 7.434654200000000E-002 5.323123900000000E-002 3.422737100000000E-002 2.441692400000000E-002 4.434490200000000E-002 0.264530200000000 9.824466699999999E-002 0.127416600000000 0.530252500000000 0.186521500000000 0.183728200000000 0.272497200000000 0.323695200000000 0.285443300000000 0.356221200000000 0.311203000000000 0.193745600000000 0.179811500000000 0.446691500000000 6.790256500000000E-002
0.228664400000000 0.117196100000000 8.607196800000000E-002 1.262760200000000E-002 5.686664600000000E-002 0.118980400000000 0.252096200000000 0.527593600000000 0.650317200000000 0.907873200000000 1.91888200000000 2.21419000000000 2.62001300000000 2.84967700000000 2.90363000000000 2.93732700000000 2.92676300000000 2.75134500000000 2.20490200000000 1.31434400000000 1.21660000000000 1.08465200000000 1.03724500000000 0.752719900000000 0.303094900000000 0.250302300000000 9.171867400000000E-002 1.553821600000000E-002 -4.479408300000000E-003 -3.561973600000000E-003 0.123704900000000 0.246323600000000 0.296949400000000 0.423322700000000 0.438571000000000 0.320691100000000 0.362114900000000 0.391944900000000 0.419077900000000 0.527423900000000 0.656025900000000 0.578371000000000 0.622044600000000 0.372716900000000 0.301808400000000
0.473584200000000 0.344998400000000 0.124073000000000 -3.672409100000000E-002 9.581947300000000E-002 2.705192600000000E-002 0.117717700000000 0.218906400000000 0.220053700000000 0.314556100000000 0.895736700000000 1.51263200000000 2.05363300000000 2.19776800000000 2.23226300000000 1.74863700000000 1.01041500000000 0.867661500000000 0.923028000000000 1.03484200000000 1.02149100000000 1.00385500000000 0.980305700000000 1.21213300000000 0.810477300000000 0.171747200000000 0.132256500000000 3.512859300000000E-002 2.251529700000000E-002 -1.260376000000000E-002 3.348159800000000E-002 0.113546400000000 0.205328900000000 0.229654300000000 0.715481800000000 0.732001300000000 0.782904600000000 0.785236400000000 0.779701200000000 0.817026100000000 0.858518600000000 0.830819100000000 0.980949400000000 0.231037100000000 0.205264100000000
0.136981000000000 0.108287800000000 0.210919400000000 0.112791100000000 8.139801000000001E-002 7.265281699999999E-002 0.104505500000000 0.153430000000000 9.229087800000001E-002 7.066631299999999E-002 0.156101200000000 0.129086500000000 0.298973100000000 0.518985700000000 0.497849500000000 0.413885100000000 0.446120300000000 0.628708800000000 1.02063900000000 1.11375300000000 0.864274000000000 0.807237600000000 0.558267600000000 0.438042600000000 1.02038100000000 0.271409000000000 0.216812100000000 3.843593600000000E-002 2.045440700000000E-002 -9.899139400000000E-004 3.176307700000000E-002 0.168816600000000 0.222076400000000 0.311123800000000 0.811946900000000 0.467729600000000 0.483931500000000 0.502774200000000 0.518656700000000 0.540501600000000 0.566301300000000 0.568948700000000 0.972349200000000 0.142839400000000 8.187389400000000E-002
6.493568399999999E-002 5.009651200000000E-002 0.240518600000000 0.411633500000000 0.255130800000000 4.053211200000000E-002 9.406852700000000E-002 0.173445700000000 0.190239000000000 0.166608800000000 0.242957100000000 0.253308300000000 0.149745000000000 0.109398800000000 7.879066500000000E-002 0.245379400000000 0.343270300000000 0.429723700000000 0.601699800000000 0.559927900000000 0.437815700000000 0.356180200000000 0.177380600000000 0.233826600000000 0.186680800000000 0.268990500000000 0.338449500000000 0.136631000000000 0.233726500000000 0.250941300000000 0.342029600000000 0.450820900000000 0.531170800000000 0.621212000000000 0.994285600000000 0.542634000000000 0.634176300000000 0.649297700000000 0.666742300000000 0.685812000000000 0.701190900000000 0.693934400000000 0.725609800000000 0.325280200000000 0.235844600000000
0.116136600000000 9.516811400000000E-002 0.153273600000000 0.259734200000000 0.318831400000000 1.124954200000000E-002 9.398746500000001E-002 0.244045300000000 0.224193600000000 0.266899100000000 0.339922900000000 0.384489100000000 0.277540200000000 0.167607300000000 0.162913300000000 0.153305100000000 4.135608700000000E-002 4.595565800000000E-002 0.189734500000000 0.233416600000000 0.173774700000000 0.188615800000000 0.203744900000000 0.150743500000000 9.482765200000000E-002 0.206234900000000 0.238347100000000 0.286179500000000 0.339405100000000 0.348929400000000 0.454324700000000 0.621847200000000 0.697716700000000 0.706822400000000 0.556206700000000 0.819106100000000 0.896068600000000 0.921814000000000 0.944302600000000 0.966438300000000 0.983318300000000 0.967506400000000 0.925813700000000 0.589598700000000 0.368984200000000
0.740952500000000 0.500376700000000 0.394075400000000 0.273503300000000 0.137096400000000 7.478618600000000E-002 0.219416600000000 0.253517200000000 6.596469900000000E-002 0.156831700000000 0.216515500000000 0.244337100000000 0.257844000000000 0.196395900000000 0.249357200000000 0.289261800000000 0.123745000000000 9.204006200000001E-002 -1.124858900000000E-002 0.121656400000000 0.169702500000000 0.158754300000000 0.187948200000000 -5.604744000000000E-003 0.117297200000000 0.157822600000000 0.202389700000000 0.286991100000000 0.338139500000000 0.378820400000000 0.509264000000000 0.608591100000000 0.613088600000000 0.718918800000000 0.814472200000000 1.02328600000000 1.04407600000000 1.04758900000000 1.07846200000000 1.09802000000000 1.11778300000000 1.11668800000000 1.07622500000000 0.713803300000000 0.301197100000000
1.19461300000000 1.07946800000000 1.02130900000000 0.781171800000000 0.441456800000000 0.654527700000000 0.603553800000000 0.258488700000000 5.711650800000000E-002 0.216427800000000 0.312711700000000 0.319057500000000 0.364667900000000 0.400244700000000 0.535414700000000 0.579783400000000 0.367011100000000 0.143509900000000 0.101091400000000 1.319789900000000E-002 0.162239100000000 0.222205200000000 3.018569900000000E-002 -1.707077000000000E-003 -3.009414700000000E-002 8.668422700000000E-002 0.192897800000000 0.263296100000000 0.341815900000000 0.443397500000000 0.538231800000000 0.511336300000000 0.548631700000000 0.669396400000000 0.475115800000000 0.785235400000000 0.721560500000000 0.774246200000000 0.872189500000000 0.945726400000000 1.04845300000000 1.14619400000000 1.11325200000000 0.889532100000000 0.247615800000000
1.31636100000000 1.15543500000000 1.12707000000000 0.895659400000000 0.694130900000000 0.811760900000000 0.908214600000000 0.803274200000000 0.847959500000000 0.859067900000000 0.830629300000000 0.734175700000000 0.735519400000000 0.779509500000000 0.832533800000000 0.993006700000000 0.767918600000000 0.294755000000000 0.207835200000000 0.131991400000000 7.462501500000000E-002 3.995132400000000E-002 -2.824688000000000E-002 5.182647700000000E-002 -7.425308200000000E-003 -4.460144000000000E-002 -7.623672500000000E-003 0.174125700000000 0.314147900000000 0.383145300000000 0.384511900000000 0.383554500000000 0.423105200000000 0.441954600000000 0.397795700000000 0.558397300000000 0.549198200000000 0.521743800000000 0.594854400000000 0.691226000000000 0.662686300000000 0.616598100000000 0.612740500000000 0.701453200000000 0.795878400000000
1.11004700000000 0.937848100000000 0.964131400000000 0.815584200000000 0.811119100000000 0.977991100000000 1.07160400000000 1.22528000000000 1.35617100000000 1.26581300000000 1.31764300000000 1.50882800000000 1.73395100000000 2.39317100000000 2.90212300000000 2.41044700000000 1.24815900000000 0.459876100000000 0.313134200000000 0.225865400000000 0.110865600000000 1.502037000000000E-003 0.130336800000000 0.116243400000000 8.530139900000000E-002 3.846645400000000E-002 -4.234314000000000E-004 -1.684951800000000E-002 4.316616100000000E-002 0.204505000000000 0.274905200000000 0.299618700000000 0.345805200000000 0.409913100000000 0.460067700000000 0.698738100000000 1.08294400000000 1.09750400000000 1.12697000000000 1.30689200000000 1.25203000000000 1.27927900000000 1.26468800000000 1.12034000000000 1.03562500000000
1.24329900000000 1.10453900000000 1.13099400000000 0.718985600000000 0.900466000000000 1.46784900000000 1.79981300000000 1.87077200000000 1.87020800000000 2.04487100000000 2.28698900000000 2.51653300000000 2.49068500000000 2.84178900000000 3.07048300000000 2.60972500000000 1.51944700000000 0.536246300000000 0.357336000000000 0.185250300000000 -2.349185900000000E-002 5.511760700000000E-002 0.120245900000000 0.167982100000000 0.173811900000000 0.144613300000000 0.120921100000000 0.115558600000000 0.124788300000000 0.126053800000000 0.191702800000000 0.350088100000000 0.493707700000000 0.441429100000000 0.598655700000000 0.738558800000000 1.00375200000000 1.13662000000000 1.19300200000000 1.32910300000000 1.41380900000000 1.47535900000000 1.60981400000000 1.62028700000000 1.06529800000000
1.28412200000000 1.32872100000000 1.04552300000000 0.778732300000000 1.57070200000000 2.03306500000000 2.18671200000000 2.20792300000000 2.17176200000000 2.28881900000000 2.40838700000000 2.61550500000000 2.65187400000000 2.99311900000000 3.21614800000000 3.01073600000000 1.94256700000000 0.640165300000000 0.349228900000000 6.300640100000000E-002 -2.629280100000000E-003 2.856254600000000E-002 6.369590800000000E-002 0.141526200000000 0.175433200000000 0.226492900000000 0.199563000000000 0.183823600000000 0.198446300000000 0.178258900000000 0.190391500000000 0.218016600000000 0.372139000000000 0.420977600000000 0.514078100000000 0.583715400000000 0.608654000000000 0.871846200000000 1.03313400000000 1.27520900000000 1.48014500000000 1.67381700000000 1.88788900000000 1.85907900000000 1.09362400000000
1.17744700000000 0.917878200000000 0.864061400000000 0.924454700000000 1.48589700000000 1.95153300000000 2.10512500000000 2.22393900000000 2.30659600000000 2.37373400000000 2.45413200000000 2.64109300000000 2.33201000000000 2.34237200000000 2.69001900000000 3.17921100000000 2.62789700000000 0.705746700000000 0.444415100000000 0.209517500000000 0.160294500000000 2.181720700000000E-002 2.000999500000000E-002 0.106217400000000 0.144136400000000 0.185188300000000 0.201024100000000 0.270664200000000 0.291894000000000 0.236220400000000 0.192385700000000 0.269260400000000 0.183759700000000 0.206854800000000 0.295217500000000 0.291434300000000 0.287027400000000 0.487269400000000 0.607555400000000 0.857023200000000 1.11937400000000 1.35940400000000 1.64442300000000 1.55907800000000 1.09660300000000
1.21238900000000 0.814168900000000 0.691551200000000 0.502163900000000 0.675680200000000 1.02906200000000 1.36205100000000 1.80998100000000 2.22937700000000 2.38988900000000 2.43543100000000 1.92136500000000 1.06565900000000 0.799930600000000 0.766877200000000 0.841242800000000 1.33707500000000 1.61073800000000 0.608831400000000 0.359980600000000 0.283330900000000 0.187287300000000 7.938671100000000E-002 -1.371669800000000E-002 3.510475200000000E-002 0.148638700000000 0.195883800000000 0.296608900000000 0.363238300000000 0.299162900000000 0.196192700000000 0.293714500000000 0.221143700000000 0.237113000000000 0.241991000000000 0.224644700000000 0.328793500000000 0.352726000000000 0.328632400000000 0.264764800000000 0.342364300000000 0.361146000000000 0.509842900000000 0.604692500000000 0.780954400000000
0.909757600000000 0.734652500000000 0.723879800000000 0.510443700000000 0.506759600000000 0.528553000000000 0.645453500000000 0.698222200000000 0.800601000000000 1.07842900000000 1.03762500000000 0.929908800000000 1.36659000000000 0.824497200000000 0.667881000000000 0.588630700000000 1.72237000000000 2.44078600000000 0.706305500000000 0.495672200000000 0.405048400000000 0.323288000000000 0.233834300000000 0.116079300000000 -4.192256900000000E-002 6.385421800000000E-002 0.209686300000000 0.293063200000000 0.328397800000000 0.267401700000000 0.362196000000000 0.231123900000000 0.391361200000000 0.475823400000000 0.473374400000000 0.414778700000000 0.400615700000000 0.457327800000000 0.452134100000000 0.394845000000000 0.347671500000000 0.366548500000000 0.445007300000000 0.429497700000000 0.557789800000000
0.766768500000000 0.935678500000000 0.696777300000000 0.593270300000000 0.582987800000000 0.559416800000000 0.669050200000000 0.681661600000000 0.773655900000000 0.834399200000000 1.02264100000000 1.06230500000000 1.45598900000000 1.84913400000000 1.29383100000000 0.639609300000000 0.798185300000000 1.18488400000000 0.915031400000000 0.687411300000000 0.538168000000000 0.427005800000000 0.314187000000000 0.140798600000000 3.478908500000000E-002 1.000118300000000E-002 0.134595900000000 0.255569500000000 0.275241900000000 0.248625800000000 0.304820100000000 0.221047400000000 0.304224000000000 0.409258800000000 0.538445500000000 0.633973100000000 0.591527900000000 0.616225200000000 0.566612200000000 0.491495100000000 0.424542400000000 0.466052100000000 0.527895000000000 0.554350900000000 0.639293700000000
0.998220400000000 1.05640800000000 0.798818600000000 0.690325700000000 0.699955000000000 0.687639200000000 0.727702100000000 0.709474600000000 0.738682700000000 0.823220300000000 0.853636700000000 0.890809100000000 1.09608900000000 1.30932500000000 2.26360800000000 1.73495600000000 1.01994900000000 1.08101800000000 0.984299700000000 0.816059100000000 0.668829900000000 0.507028600000000 0.342251800000000 0.200531000000000 8.810043300000001E-002 0.134047500000000 0.369151100000000 0.367165600000000 0.401263200000000 0.455839200000000 0.142038300000000 6.513404800000000E-002 9.677600900000000E-002 0.154179600000000 0.237341900000000 0.349092500000000 0.454568900000000 0.499562300000000 0.589824700000000 0.590642000000000 0.597119300000000 0.704503100000000 0.690234200000000 0.749560400000000 0.772750900000000
