data-raw/wwl Heksenlaak/RasterHeks/input/MV_MIN_GLG_L1_REF.ASC
NCOLS                  100
NROWS                  100
XLLCORNER        226500.0
YLLCORNER        460500.0
CELLSIZE         25.00000
NODATA_VALUE    -9999.000
[rows 40 to 59 of 100, columns 45 to 89 of 100]
0.623177500000000 0.611510300000000 0.870047600000000 0.981075300000000 1.06407400000000 1.18470300000000 1.30074400000000 1.31354700000000 1.58244800000000 1.82514100000000 1.67338000000000 1.66938700000000 1.21655900000000 0.987446800000000 1.22811500000000 1.50735700000000 1.47855800000000 1.16374400000000 0.811775200000000 1.84730600000000 2.43642100000000 2.36938700000000 2.38226600000000 2.25871200000000 2.30688900000000 2.65926300000000 2.55346900000000 2.42965800000000 2.49846200000000 2.46294200000000 2.30419700000000 2.21938000000000 2.44738000000000 2.49181100000000 2.28638600000000 2.13243100000000 2.20263200000000 2.40024700000000 2.79836100000000 2.58587300000000 2.01222200000000 1.45491500000000 1.27355800000000 1.20505500000000 1.20855100000000
0.768758800000000 0.708189000000000 0.857930200000000 1.10445600000000 1.10807400000000 1.04995600000000 0.829772900000000 1.13460900000000 1.58720300000000 1.74153600000000 1.73820300000000 1.38322100000000 1.02988500000000 1.32327900000000 1.51541200000000 1.52443000000000 1.36559800000000 0.931012200000000 1.23556100000000 2.69046500000000 2.56197100000000 2.57144700000000 2.59750400000000 2.48793000000000 2.30738700000000 2.13554600000000 2.33143400000000 2.25465200000000 1.73598000000000 2.12815300000000 2.15928200000000 2.10980300000000 2.16302500000000 2.38233300000000 2.37134400000000 2.37104400000000 2.29952800000000 2.37742200000000 2.45409800000000 2.51482900000000 2.08107100000000 1.41962400000000 1.21904300000000 1.19916500000000 1.13535200000000
0.783648500000000 0.752048500000000 0.939371100000000 1.12342000000000 1.05960000000000 0.829388600000000 0.871818500000000 1.13363400000000 1.36135700000000 1.64542700000000 1.64682700000000 1.26093200000000 1.42128500000000 1.83964200000000 1.72750100000000 1.47267200000000 1.16516000000000 0.889701800000000 2.24883600000000 2.73525900000000 2.59581000000000 2.65908200000000 2.66844900000000 2.60583800000000 2.50864500000000 2.31284600000000 2.22347200000000 1.79743700000000 1.90556100000000 2.02070300000000 2.03679000000000 2.00898500000000 1.99849300000000 2.09283600000000 2.25163500000000 2.82468100000000 2.74229600000000 2.77459100000000 2.67553700000000 2.61554600000000 2.31658000000000 1.55823200000000 1.30243000000000 1.19347100000000 1.11660700000000
0.670276600000000 0.864055600000000 1.03280000000000 1.06878600000000 0.914126400000000 0.837337500000000 1.17261500000000 1.29958500000000 1.19250200000000 1.11126900000000 1.45454700000000 1.53971500000000 1.79767000000000 1.90586300000000 1.78076200000000 1.47002100000000 1.04172400000000 1.49711100000000 2.67730600000000 2.57468900000000 2.63014700000000 2.71556200000000 2.72391500000000 2.68429400000000 2.54867800000000 2.40242600000000 2.13634800000000 1.90934200000000 1.91184100000000 1.94976500000000 1.96286700000000 1.97327200000000 1.96160000000000 2.01207400000000 2.37192400000000 3.19785700000000 3.26528000000000 3.16119200000000 2.99220300000000 2.78749500000000 2.50500800000000 2.06971600000000 1.48358600000000 1.22647800000000 1.09212900000000
0.788671500000000 1.04240700000000 1.01732200000000 0.981599800000000 0.760290100000000 0.983197200000000 1.29978000000000 1.30049900000000 1.07598800000000 0.973818800000000 1.19989500000000 1.68993200000000 1.70576600000000 1.76191800000000 1.65911600000000 1.33993700000000 0.980789200000000 2.54974100000000 2.87787700000000 2.67274300000000 2.82401800000000 2.85092500000000 2.91337700000000 2.82153700000000 2.66364500000000 2.52337300000000 2.13622300000000 2.06519900000000 2.15225200000000 2.21396200000000 2.15408800000000 2.06891400000000 1.94732000000000 2.01745600000000 2.84776900000000 3.52660800000000 3.54017100000000 3.19071200000000 3.01768300000000 2.78923300000000 2.62553800000000 2.32083500000000 1.81425700000000 1.29342800000000 1.07501300000000
0.861825900000000 1.05149700000000 1.08603500000000 1.07083100000000 0.770371400000000 1.20942500000000 1.30095700000000 1.24359000000000 1.02146600000000 1.02534000000000 1.03006800000000 1.84263400000000 1.66206000000000 1.64095000000000 1.38722900000000 1.04963900000000 1.40275000000000 3.39108800000000 3.35004100000000 2.92990600000000 2.88843300000000 2.89561800000000 2.95696700000000 2.96668000000000 2.93811000000000 2.80195100000000 2.45756100000000 2.33958100000000 2.50087500000000 2.59658200000000 2.66528300000000 2.71215700000000 2.57490900000000 2.37552800000000 3.09563800000000 3.29245600000000 3.26133400000000 2.97487900000000 3.03512700000000 3.03633300000000 2.66023200000000 2.42664000000000 2.03491300000000 1.41991000000000 1.09788400000000
1.48499500000000 1.58158400000000 1.44551000000000 1.02092600000000 0.996574400000000 1.21567300000000 1.24092900000000 1.24462300000000 1.10682900000000 1.03291600000000 1.41452200000000 2.35729200000000 1.80338000000000 1.47769400000000 1.18557600000000 0.971748400000000 1.85067500000000 3.87858700000000 3.87387800000000 3.12622600000000 2.93982400000000 3.03091600000000 2.98723500000000 3.08006900000000 3.26793200000000 3.05130000000000 2.74177200000000 2.60108300000000 2.73610900000000 2.85641100000000 2.96919300000000 3.04477100000000 3.04519300000000 3.14506100000000 2.95659400000000 3.09689000000000 3.07164100000000 2.87824800000000 2.80856300000000 2.94442100000000 2.80022700000000 2.48593400000000 2.17753300000000 1.62661800000000 1.35901600000000
1.03632400000000 1.02564000000000 1.26657900000000 0.995968800000000 1.13808700000000 1.17724800000000 1.17754700000000 1.22886300000000 1.12793300000000 0.981114400000000 2.20026000000000 2.74739200000000 2.06942900000000 1.52249200000000 1.33180100000000 0.972115500000000 2.15335500000000 4.28711300000000 4.62504400000000 3.74872600000000 3.34233300000000 3.19251400000000 3.02652200000000 3.29540300000000 3.41471300000000 3.26931900000000 2.93672500000000 2.86839000000000 2.90249500000000 2.90995200000000 2.97760800000000 3.05124300000000 3.15592200000000 3.18595600000000 2.99525000000000 3.02047300000000 2.99062300000000 2.91997500000000 2.81141000000000 2.78590500000000 2.81538200000000 2.65800900000000 2.12152900000000 1.63682300000000 1.46665800000000
0.947255100000000 1.01278400000000 1.27322900000000 0.955734300000000 1.15965900000000 1.19282500000000 1.18194500000000 1.23700200000000 1.12208100000000 0.997165700000000 3.05022300000000 3.00713800000000 1.94434400000000 1.33627000000000 1.33017800000000 1.35775100000000 2.13231500000000 4.06872900000000 5.00570700000000 4.34646800000000 3.50745500000000 2.92760500000000 2.87326600000000 3.53068700000000 3.51122000000000 3.25717200000000 2.96160600000000 2.89089500000000 2.84169500000000 2.85430900000000 2.86229600000000 2.86795900000000 2.98277800000000 3.07366900000000 2.99589500000000 3.06544400000000 3.11448700000000 3.06999000000000 2.98752300000000 2.87378200000000 2.78247200000000 2.65475800000000 2.18537200000000 1.67652700000000 1.43826900000000
1.24902200000000 1.27506500000000 1.05269600000000 0.902014700000000 1.12645200000000 1.16347600000000 1.23079400000000 1.27344600000000 1.11722900000000 1.40999100000000 3.31946800000000 3.13617300000000 1.69545800000000 1.16944400000000 1.06533100000000 1.21095800000000 1.60382700000000 2.27721400000000 2.91689200000000 2.90464300000000 3.06286600000000 2.74638100000000 2.76123000000000 2.99153000000000 3.42865800000000 3.19933200000000 2.83795900000000 2.81853800000000 2.79945500000000 2.79192100000000 2.84983600000000 2.81454400000000 3.04470200000000 2.95036200000000 3.01670400000000 3.08459800000000 3.14985200000000 3.19753100000000 3.14959000000000 2.97320700000000 2.82152900000000 2.36005900000000 2.14318700000000 2.05101900000000 1.63423200000000
1.25232400000000 1.20857000000000 1.00561000000000 0.919372600000000 1.11942700000000 1.20461000000000 1.30527200000000 1.23809000000000 1.07786900000000 1.95637500000000 3.12445700000000 2.82411200000000 1.48562900000000 1.16375900000000 1.00556800000000 1.10067000000000 1.34941200000000 1.61511800000000 2.24010100000000 3.37579900000000 2.97826000000000 2.61398000000000 2.70842300000000 2.93579100000000 3.49107500000000 3.04458700000000 2.84040300000000 2.81842700000000 2.86403800000000 2.81176300000000 2.82384200000000 2.81120500000000 3.12582000000000 2.96332100000000 3.03090900000000 3.10143100000000 3.17007300000000 3.21664600000000 3.28011100000000 2.92821200000000 2.29136600000000 2.24068800000000 2.22457300000000 2.11362100000000 2.00086700000000
1.25291600000000 1.17340800000000 1.09811500000000 0.940412500000000 1.15135600000000 1.25881600000000 1.36316900000000 1.24543600000000 1.09955300000000 2.39285200000000 3.03151200000000 2.60705500000000 1.52976900000000 1.14366600000000 1.00186300000000 1.05398700000000 1.36956700000000 1.83710000000000 5.96743700000000 6.87289500000000 4.43386700000000 2.96039200000000 2.92069200000000 3.36333000000000 3.79143500000000 3.57532900000000 3.13596900000000 2.90652100000000 2.96882400000000 2.93837000000000 2.90320300000000 2.99479800000000 3.02598100000000 3.00915300000000 3.06292900000000 3.12838800000000 3.18401400000000 3.24496100000000 3.15374800000000 2.18861500000000 2.13735700000000 2.23931700000000 2.30989600000000 2.27154400000000 1.95511600000000
1.22559100000000 1.19854400000000 1.16767700000000 0.983635900000000 1.18615600000000 1.36157300000000 1.51418100000000 1.35058000000000 1.30149200000000 2.49768900000000 3.19055800000000 2.88635500000000 1.88113400000000 1.14685100000000 1.04755600000000 1.08420300000000 1.32633600000000 1.95673200000000 4.92340600000000 5.78102000000000 6.15918800000000 4.29699300000000 3.31373000000000 3.76103500000000 4.17997500000000 4.34522700000000 4.60258200000000 4.23377900000000 3.93507700000000 3.66901600000000 3.41171900000000 3.37562300000000 2.97070600000000 3.01294600000000 3.06759200000000 3.13297500000000 3.19583500000000 3.23298800000000 2.35947900000000 2.13883900000000 2.17383200000000 2.23185600000000 2.32915900000000 2.21471500000000 1.95346200000000
1.31021100000000 1.40464600000000 1.20370600000000 1.00251700000000 1.14976700000000 1.61521800000000 1.79252700000000 1.59525000000000 1.51090100000000 2.40825800000000 3.35479100000000 3.19155000000000 2.44688900000000 1.49989400000000 1.15486400000000 1.13023100000000 1.43590500000000 2.32070300000000 4.52700000000000 6.43036500000000 7.36031500000000 6.56219500000000 5.74337000000000 4.16148900000000 4.26573400000000 4.45526700000000 4.24629400000000 3.97202200000000 4.43491300000000 4.40451400000000 3.99963100000000 3.74651800000000 2.99284600000000 3.02840200000000 3.08222400000000 3.13629600000000 3.21087500000000 2.72696100000000 2.23706000000000 2.22115100000000 2.21604600000000 2.28892800000000 2.26807200000000 2.09932400000000 1.96746600000000
1.35681900000000 1.36588700000000 1.25785600000000 1.20130700000000 1.18634500000000 1.67987500000000 2.13658700000000 1.92341000000000 1.29657600000000 2.07685400000000 3.30327600000000 3.29819900000000 2.94768700000000 2.46813600000000 1.57652200000000 1.15472900000000 1.51317200000000 2.36176700000000 4.08539500000000 2.77641100000000 3.02743600000000 4.90119600000000 5.85370000000000 4.44871000000000 4.22420700000000 5.86902800000000 6.54164800000000 5.34309600000000 4.70747400000000 4.80114100000000 4.72246500000000 4.36881300000000 3.21743300000000 3.01906500000000 3.04301500000000 3.49567100000000 3.00207900000000 2.43982000000000 2.42059900000000 2.30491500000000 2.25946600000000 2.27258900000000 2.20319000000000 2.09407200000000 2.06543300000000
1.30930100000000 1.25141400000000 1.18627500000000 1.15082200000000 1.12991000000000 1.72629000000000 2.14119000000000 2.09781800000000 1.42868300000000 1.71657200000000 3.05754900000000 3.31956200000000 3.30735900000000 3.02527500000000 2.26951800000000 1.39788600000000 1.64708500000000 2.25350600000000 2.30597000000000 1.40466700000000 2.34924000000000 6.29384300000000 5.69899700000000 3.43712500000000 4.73968300000000 7.88016900000000 8.01938400000000 5.70564100000000 4.60800900000000 4.68857400000000 4.51694100000000 4.26405600000000 3.15533100000000 2.95996700000000 3.17608500000000 3.51127100000000 2.46917100000000 2.38052800000000 2.35122900000000 2.39056100000000 2.38417500000000 2.21101500000000 2.13798000000000 2.20673100000000 2.10353700000000
1.06831500000000 1.23662500000000 1.17311900000000 1.06242000000000 1.06368600000000 1.53692500000000 2.40399200000000 2.69408900000000 1.87803900000000 1.73967900000000 2.81009900000000 3.31956600000000 3.46622600000000 3.31318600000000 2.60116900000000 1.74841100000000 1.92842800000000 2.40314500000000 2.65471600000000 2.32623900000000 1.91553500000000 5.30025800000000 3.55181200000000 3.14943200000000 5.64359100000000 6.57444500000000 5.01219800000000 4.20666100000000 4.13319200000000 4.19247800000000 3.83153900000000 3.32868300000000 2.35624700000000 1.34538500000000 1.81834800000000 2.27460900000000 2.23987600000000 2.15129900000000 2.27566700000000 2.36216200000000 2.31273000000000 2.25556900000000 2.23318700000000 2.21411800000000 1.95239400000000
1.04616600000000 1.21388400000000 1.14077900000000 1.07780900000000 1.06920100000000 1.07738700000000 2.50713300000000 3.14047200000000 2.83885300000000 2.29823700000000 2.63052400000000 3.13304600000000 3.43226500000000 3.40884000000000 2.87110700000000 2.04677600000000 2.12277000000000 2.53610500000000 2.85131700000000 2.82872400000000 2.02678900000000 2.04049300000000 2.35219300000000 3.71546900000000 5.36145800000000 5.04906800000000 3.81862100000000 4.48389700000000 5.38935800000000 5.01812600000000 4.07756000000000 2.86992900000000 1.64788200000000 1.18882500000000 1.19833400000000 1.24165700000000 1.32363600000000 1.64590200000000 2.03743100000000 2.29319200000000 2.21247800000000 2.40322300000000 2.39688800000000 2.12754600000000 1.95587400000000
0.961389500000000 1.14877300000000 1.19690300000000 1.11645800000000 1.02567400000000 0.939820300000000 1.93932700000000 3.06376500000000 3.38271700000000 2.97290300000000 2.65523900000000 2.97387400000000 3.31014300000000 3.42866200000000 3.19000000000000 2.76154000000000 2.83794800000000 3.20396900000000 3.64841300000000 3.69168400000000 2.12609600000000 1.40694200000000 1.44648200000000 3.63425400000000 4.75718600000000 3.76283200000000 4.27943400000000 6.22712700000000 8.29235500000000 5.28185400000000 3.66433000000000 2.05578100000000 1.45780600000000 1.16692400000000 1.21137000000000 1.22541600000000 1.19139800000000 1.17863300000000 1.16188900000000 1.43612500000000 1.75648000000000 1.96876900000000 2.10611300000000 2.05822800000000 1.76197200000000
0.890752800000000 1.02982400000000 1.20128300000000 1.22600900000000 1.11840400000000 1.05281300000000 1.29340600000000 2.76584900000000 3.34134700000000 3.62167500000000 3.32244300000000 3.17091300000000 3.41029500000000 3.73644500000000 3.84081500000000 3.79658700000000 3.47797600000000 3.37483200000000 3.71542900000000 3.82538400000000 2.58603800000000 1.38768200000000 1.37393600000000 1.65204900000000 1.32771800000000 3.08042900000000 5.58285800000000 5.19742800000000 6.33872900000000 5.83340800000000 2.75714300000000 1.02061900000000 1.18856800000000 1.20937300000000 1.19025700000000 1.22524500000000 1.22042200000000 1.24729600000000 1.19524800000000 1.19267700000000 1.17938000000000 1.21428500000000 1.37573200000000 1.71067600000000 1.68470200000000
