data-raw/wwl Heksenlaak/RasterHeks/input/MV_MIN_GHG_L1_REF.ASC
NCOLS                  100
NROWS                  100
XLLCORNER        226500.0
YLLCORNER        460500.0
CELLSIZE         25.00000
NODATA_VALUE    -9999.000
[rows 20 to 39 of 100, columns 45 to 89 of 100]
2.24036400000000 2.27538500000000 1.97647100000000 1.14129100000000 1.09387300000000 1.31293800000000 1.27366000000000 1.38526300000000 1.31009000000000 1.28266000000000 1.56490800000000 1.65780600000000 1.58022900000000 1.48107600000000 1.32254900000000 1.24959800000000 1.13078900000000 0.867985700000000 0.572918900000000 0.485615700000000 0.251265500000000 0.279459000000000 0.269877400000000 0.188683500000000 0.659705200000000 0.528060000000000 0.422359500000000 0.438420300000000 0.645353300000000 0.639649400000000 0.420380600000000 0.223285700000000 0.268981000000000 0.303209300000000 0.373723000000000 0.529525800000000 1.02880700000000 1.19152100000000 1.07280100000000 0.968107200000000 0.689738300000000 0.627655000000000 0.653401400000000 0.782767300000000 0.677715300000000
2.42263400000000 2.31755100000000 1.91730700000000 1.39657200000000 1.27821400000000 1.21222100000000 1.22992000000000 1.32514700000000 1.40014700000000 1.44520800000000 1.47376300000000 1.79238100000000 1.76914900000000 1.58406500000000 0.812119500000000 0.419567100000000 0.347803100000000 0.397975000000000 0.371690800000000 0.291971200000000 0.272433300000000 0.239368400000000 0.185659400000000 0.427928900000000 0.645415300000000 0.514954600000000 0.445775000000000 0.486466400000000 0.451225300000000 0.377748500000000 0.458142300000000 0.313299200000000 0.304016100000000 0.328620900000000 0.425742100000000 1.00983900000000 1.44079200000000 1.38794000000000 1.24283400000000 1.03013100000000 0.815007200000000 0.693098100000000 0.857628800000000 0.950469000000000 0.845190000000000
2.36819200000000 2.20661700000000 1.70479700000000 1.26669500000000 1.30120800000000 1.22329400000000 1.20738500000000 1.20569500000000 1.40925400000000 1.42708100000000 1.42046100000000 1.86009100000000 1.84067700000000 1.59085000000000 0.570305800000000 0.295943300000000 0.389962200000000 0.420450200000000 0.338934900000000 0.310412400000000 0.285347900000000 0.247790300000000 0.151983300000000 0.477516200000000 0.417230600000000 0.458704000000000 0.426840800000000 0.453406300000000 0.377172500000000 0.322826400000000 0.738469100000000 0.246212000000000 0.232762300000000 0.116173700000000 1.18485900000000 1.83318500000000 1.99096000000000 1.84994500000000 1.61938500000000 1.28879000000000 0.972730600000000 0.812910100000000 0.921296100000000 1.11283100000000 1.03129600000000
2.36045300000000 2.15176100000000 1.45128000000000 1.37147900000000 1.39127200000000 1.23040600000000 1.29082400000000 1.40570900000000 1.30039200000000 1.36154300000000 1.51483600000000 1.88890400000000 1.81815200000000 1.52050000000000 0.417387000000000 0.377924000000000 0.434459700000000 0.375495900000000 0.305171000000000 0.285390900000000 0.329562200000000 0.243763900000000 0.436984100000000 0.466198000000000 0.299853300000000 0.303543100000000 0.363902100000000 0.340874700000000 0.241299600000000 0.300429300000000 0.678628900000000 0.193933500000000 5.210399600000000E-002 6.145763400000000E-002 1.32345200000000 2.73364600000000 3.32232900000000 3.11476100000000 2.41204100000000 1.80170900000000 1.11998000000000 0.866976700000000 0.930126200000000 1.11347300000000 1.03014100000000
2.33386900000000 2.04751000000000 1.63716500000000 1.48309900000000 1.39793000000000 1.33498200000000 1.24025900000000 1.20363100000000 1.14366300000000 1.03817600000000 1.69164700000000 1.88963400000000 1.85547800000000 1.40414100000000 0.364607800000000 0.396256400000000 0.469527200000000 0.363734200000000 0.350157700000000 0.281993900000000 0.319525700000000 0.232172000000000 0.528291700000000 0.309957500000000 0.255054500000000 0.334541300000000 0.372997300000000 0.280741700000000 0.285107600000000 0.755861300000000 0.322855000000000 0.370842000000000 0.120822000000000 4.512786900000000E-002 0.893449800000000 3.07451400000000 4.54591100000000 4.59212100000000 3.46471600000000 2.35372400000000 1.32299700000000 0.957521400000000 0.948230700000000 0.916214900000000 0.914118800000000
2.29819100000000 1.81598800000000 1.36851600000000 1.43511700000000 1.40959500000000 1.42403300000000 1.22448800000000 1.10765600000000 1.08874400000000 1.25348900000000 1.67851300000000 1.83853200000000 1.58358400000000 1.10842700000000 0.374549900000000 0.530772200000000 0.534119600000000 0.437444700000000 0.406474100000000 0.350379900000000 0.314794500000000 0.591812100000000 0.710481600000000 0.496278800000000 0.374976200000000 0.449950200000000 0.384322200000000 0.215267200000000 0.145956000000000 0.739024200000000 0.414220800000000 0.364017500000000 0.296045300000000 0.278786700000000 0.467271800000000 2.69116500000000 4.88637600000000 5.34570800000000 4.52869100000000 3.05279900000000 1.61539800000000 1.04519700000000 0.964934300000000 0.844995500000000 0.862389600000000
2.29757100000000 1.67024200000000 1.33527100000000 1.40178300000000 1.42668500000000 1.46461900000000 1.41397400000000 1.04850700000000 0.928342800000000 1.28883300000000 1.65957500000000 1.59583500000000 0.939994800000000 0.570941000000000 0.436208700000000 0.781777400000000 0.602921500000000 0.463051800000000 0.389033300000000 0.313494700000000 0.473241800000000 0.717074400000000 0.449174900000000 0.656600000000000 0.566803000000000 0.626895900000000 0.553309400000000 0.167258300000000 0.760018300000000 0.634651200000000 0.417035100000000 0.351572000000000 0.318241100000000 0.301452600000000 0.481257400000000 2.98590200000000 5.17514500000000 5.72828500000000 5.65704000000000 4.41675900000000 2.46999500000000 1.23988000000000 0.671841600000000 0.775945700000000 1.06317400000000
2.43392700000000 1.99935300000000 1.52063500000000 1.22082600000000 1.29253600000000 1.34585600000000 1.13542400000000 0.927063900000000 0.869704200000000 1.16560000000000 1.36854100000000 1.42823900000000 0.787864700000000 0.499584200000000 0.766996400000000 0.753793700000000 0.524762200000000 0.457283000000000 0.334022500000000 0.440254200000000 0.797841100000000 0.448564500000000 4.261112200000000E-002 5.510139500000000E-002 0.246202500000000 0.356495900000000 0.610166500000000 0.654153800000000 0.879949600000000 0.429269800000000 0.412267700000000 0.415221200000000 0.417191500000000 0.362144500000000 1.25708800000000 3.12804100000000 4.58071500000000 5.40367000000000 5.65456300000000 5.01897300000000 3.53890300000000 1.26424100000000 1.45179100000000 1.24724300000000 1.30604900000000
2.52600000000000 2.06590800000000 1.59052400000000 1.29433800000000 1.32877300000000 1.27910600000000 1.28000600000000 0.892352100000000 0.769814500000000 0.782535600000000 1.08707800000000 0.939516100000000 0.637062100000000 0.642900500000000 0.895372400000000 0.699338900000000 0.504470800000000 0.426132200000000 0.397670700000000 0.687561000000000 0.188707400000000 0.126404800000000 5.046272300000000E-002 -4.194164300000000E-002 0.229285200000000 0.443150500000000 0.471685400000000 0.568856200000000 0.703079200000000 0.463925400000000 0.243260400000000 0.533989000000000 0.585438700000000 0.527956000000000 2.46177800000000 3.09688000000000 4.24639600000000 5.25931400000000 5.60165300000000 4.53435200000000 2.80300200000000 1.40258100000000 1.33923300000000 1.25549900000000 1.28421900000000
2.55966800000000 2.10915600000000 1.59287000000000 1.59211500000000 1.48757200000000 1.37204900000000 1.15318100000000 0.967328100000000 0.625255600000000 0.488397600000000 0.391249700000000 0.369956000000000 0.401890800000000 0.554840100000000 0.685561200000000 0.323769600000000 0.356311800000000 0.399776500000000 0.500315700000000 0.158159300000000 6.056785600000000E-002 -2.106571200000000E-002 0.200506200000000 0.542095200000000 0.526355700000000 3.120517700000000E-002 6.780338299999999E-002 5.115795100000000E-002 9.270095800000000E-002 0.272382700000000 0.515691800000000 0.440521200000000 0.637133600000000 1.50796200000000 3.18447400000000 4.02183200000000 4.84666000000000 5.34923300000000 5.33198300000000 4.29503400000000 2.66312000000000 1.84697400000000 1.24100000000000 1.11967200000000 0.948713300000000
2.50567200000000 1.99632500000000 1.34978100000000 1.47587500000000 1.29719400000000 1.26504100000000 1.04667900000000 0.940404900000000 0.621145200000000 0.280687300000000 0.379469900000000 8.405590100000000E-002 4.415130600000000E-002 0.276789700000000 0.311677900000000 0.245125800000000 -4.881668100000000E-002 -1.417350800000000E-002 -2.729511300000000E-002 -2.592372900000000E-002 -8.506774900000000E-004 0.391232500000000 0.329436300000000 2.222251900000000E-002 3.504371600000000E-002 4.611015300000000E-002 7.334899900000000E-002 8.847618100000000E-002 0.395114900000000 0.561615900000000 0.723728200000000 0.719819100000000 0.862635600000000 2.87005200000000 4.12982200000000 4.82281700000000 4.65300900000000 4.48379300000000 4.49271600000000 3.39971800000000 3.21233600000000 3.43738300000000 2.72724100000000 1.42347000000000 1.01763700000000
2.34467200000000 1.68028700000000 1.19097200000000 1.10694300000000 1.02246000000000 0.806181900000000 0.550730700000000 0.367096900000000 0.280134200000000 0.416729900000000 0.339098000000000 0.244041400000000 0.345395100000000 -2.774524700000000E-002 -9.137153600000000E-003 0.302218400000000 0.286158600000000 -4.223346700000000E-002 -4.342746700000000E-002 0.295307200000000 0.397309300000000 9.370803800000001E-003 0.131577500000000 4.103851300000000E-002 -1.178932200000000E-002 1.808166500000000E-002 4.111480700000000E-002 0.748558000000000 2.03597500000000 1.57284500000000 0.989358900000000 1.14786500000000 2.09646500000000 3.40505500000000 3.85248700000000 4.08831400000000 3.69613300000000 3.12491800000000 2.94722300000000 2.63172000000000 3.26160300000000 3.22888600000000 3.30092600000000 2.82806400000000 1.41465000000000
2.29132800000000 1.56336900000000 1.25515700000000 1.00693700000000 0.799171400000000 0.678172100000000 0.580014200000000 0.468736600000000 0.456173900000000 0.404733700000000 0.313088400000000 2.499866500000000E-002 -8.517265300000000E-003 -5.175399800000000E-002 2.279472400000000E-002 5.831718400000000E-003 9.327220899999999E-002 0.161391300000000 0.296031000000000 1.802158400000000E-002 -4.275226600000000E-002 -4.497528100000000E-002 -4.631996200000000E-002 0.118929900000000 9.339332600000000E-003 -1.219749500000000E-002 0.746561100000000 2.36158100000000 2.92633200000000 2.91570900000000 2.02039700000000 1.28941300000000 2.24594300000000 2.73642300000000 2.74642100000000 2.66361800000000 2.10906900000000 1.51500900000000 1.56663500000000 2.19425900000000 2.75797800000000 2.88257300000000 3.36460600000000 3.10191000000000 1.53472100000000
2.20776600000000 1.52559300000000 1.18228100000000 1.09628500000000 0.719426200000000 0.621380800000000 0.546895000000000 0.505240400000000 0.456477200000000 0.370527300000000 0.278325100000000 2.902317000000000E-002 -3.500270800000000E-002 -1.126670800000000E-002 2.471637700000000E-002 7.738971700000000E-002 0.276976600000000 0.487781500000000 0.259573000000000 2.195358300000000E-003 -2.735137900000000E-003 -9.927749600000001E-003 -1.143837000000000E-002 -4.614162400000000E-002 0.175692600000000 0.733478500000000 2.17007900000000 2.63625200000000 2.55824600000000 2.01219600000000 1.64671500000000 1.31393100000000 1.26575900000000 1.22053300000000 1.15931100000000 1.09458500000000 1.00648000000000 0.950636900000000 1.37792100000000 1.79891800000000 2.54480800000000 3.13530700000000 3.45935800000000 2.72664100000000 1.35205000000000
2.09565200000000 1.55088700000000 1.19471500000000 0.884527200000000 0.593689000000000 0.508572600000000 0.511451700000000 0.490004500000000 0.402044300000000 0.323210700000000 0.235377300000000 2.780437500000000E-002 6.927490200000000E-003 -1.181125600000000E-002 7.294178000000000E-002 0.343422900000000 0.114712700000000 0.439371100000000 0.475342800000000 3.705024700000000E-003 2.267551400000000E-002 1.309967000000000E-002 -3.112602200000000E-002 -4.608249700000000E-002 0.857345600000000 1.80154200000000 2.36656900000000 2.06075100000000 1.80865300000000 1.47264000000000 1.14817100000000 1.07291800000000 0.830366100000000 0.833110800000000 0.828517000000000 0.837547300000000 0.929666500000000 0.892764100000000 1.38238900000000 2.16976400000000 3.14243000000000 3.43513500000000 3.12248800000000 2.27067500000000 1.08087300000000
1.96411000000000 1.36246100000000 0.938813200000000 0.572957000000000 0.420121200000000 0.412770300000000 0.479311000000000 0.428869200000000 0.380988100000000 0.308329600000000 0.233513800000000 1.153659800000000E-002 8.501815800000000E-002 0.541256900000000 0.596165700000000 0.276598000000000 0.418782200000000 0.494019500000000 -2.609729800000000E-002 -4.131221800000000E-002 2.482128100000000E-002 -1.811885800000000E-002 -4.305839500000000E-002 0.584533700000000 1.25424900000000 1.71845700000000 1.81959100000000 1.60051200000000 1.52340400000000 1.30015800000000 1.23365400000000 0.979379700000000 0.974296600000000 1.00476300000000 1.00470000000000 1.09362600000000 1.06818200000000 1.08675800000000 1.66575100000000 2.96609300000000 4.07463700000000 3.89392400000000 2.85842200000000 1.91775300000000 1.03881500000000
1.57337200000000 1.34885500000000 1.05054800000000 0.628063200000000 0.649155600000000 0.390076600000000 0.441277500000000 0.411115600000000 0.309611300000000 0.203142200000000 0.268193200000000 0.765194900000000 0.848843600000000 0.761280100000000 0.442870100000000 0.695101700000000 0.433983800000000 0.327389700000000 0.221076000000000 -2.174949600000000E-002 -2.762699100000000E-002 -3.850936900000000E-002 0.684579800000000 1.02075200000000 1.31339600000000 1.47787800000000 1.52529600000000 1.49206400000000 1.40270200000000 1.33057900000000 1.26665200000000 1.03903800000000 1.05345200000000 1.13283300000000 1.14641600000000 1.18519500000000 1.03655100000000 1.15241200000000 1.65121100000000 2.76409800000000 3.85763700000000 3.92460700000000 3.40432500000000 2.34182300000000 1.36949500000000
1.24986500000000 0.860704400000000 0.837181100000000 0.911607700000000 0.673040400000000 0.467342400000000 0.445641500000000 0.345295000000000 0.219445200000000 0.402689000000000 0.849296600000000 0.524612400000000 0.511087400000000 0.610882800000000 0.663585700000000 0.402363800000000 -3.959369700000000E-002 0.170322400000000 0.632626500000000 0.375048600000000 -4.724597900000000E-002 0.598321900000000 1.21820500000000 1.59478700000000 1.72993700000000 1.71098800000000 1.64324100000000 1.57244700000000 1.56158400000000 1.56944700000000 1.46591800000000 1.36188900000000 1.20693800000000 1.21126000000000 1.18992900000000 1.09031500000000 0.937251100000000 1.32483300000000 1.54521800000000 1.62410400000000 2.49386200000000 3.48989800000000 3.59822200000000 2.56191900000000 1.51017200000000
0.515078500000000 0.396298400000000 0.616338700000000 0.582757900000000 0.711809200000000 0.538540800000000 0.443672200000000 0.298899700000000 0.311914400000000 0.899257700000000 0.906459800000000 0.668581000000000 0.492620500000000 0.536836600000000 0.462440500000000 1.563453700000000E-002 0.181509000000000 0.480176900000000 0.447337200000000 0.302331900000000 0.451192900000000 1.01989500000000 1.57449700000000 1.96702500000000 2.07121100000000 1.99975800000000 1.87123300000000 1.68033900000000 1.60690200000000 1.73021100000000 1.79209600000000 1.55633100000000 1.38894600000000 1.27558800000000 1.15543700000000 0.959548000000000 0.948515900000000 1.47991300000000 1.63455800000000 1.39233500000000 1.08355800000000 1.30857900000000 2.32335800000000 2.12096500000000 1.36514000000000
0.220735500000000 0.131128300000000 0.222831700000000 0.109401700000000 0.391064600000000 0.774394000000000 0.542331700000000 0.361293800000000 0.937107100000000 0.975199700000000 1.02722200000000 0.818163900000000 0.631444000000000 0.603894200000000 4.390049000000000E-002 0.297550200000000 0.552839300000000 0.516227700000000 0.160260200000000 0.152153000000000 0.902813000000000 1.11267100000000 1.21436100000000 1.58652100000000 1.90484600000000 1.93728000000000 1.74386600000000 1.57345400000000 1.58165500000000 1.67363500000000 1.55117600000000 1.54761000000000 1.50253600000000 1.38872300000000 1.17261000000000 0.978837000000000 1.06788800000000 1.47323700000000 1.87676100000000 1.49684800000000 0.930602100000000 0.499558400000000 0.253335000000000 0.556873300000000 0.848242800000000
