data-raw/wwl Heksenlaak/RasterHeks/input/MV_MIN_GHG_L1_REF.ASC
NCOLS                  100
NROWS                  100
XLLCORNER        226500.0
YLLCORNER        460500.0
CELLSIZE         25.00000
NODATA_VALUE    -9999.000
[rows 80 to 99 of 100, columns 0 to 44 of 100]
4.00892400000000 4.55775700000000 5.73879200000000 6.84552700000000 8.02194700000000 10.1861200000000 13.7940900000000 17.5639500000000 21.5274600000000 24.6784600000000 27.6212200000000 30.2785900000000 32.0469700000000 32.7291100000000 32.6558400000000 32.0460300000000 30.7755700000000 29.4085200000000 27.5771200000000 25.5290100000000 23.5005200000000 21.8805500000000 20.6083400000000 19.4111000000000 18.2905900000000 17.1273500000000 15.8157900000000 14.5013300000000 13.2691000000000 12.5280600000000 12.1658600000000 11.7110700000000 10.7015400000000 9.06037700000000 7.51901000000000 6.08836100000000 4.84585400000000 3.90220800000000 3.31548100000000 2.17737300000000 2.48344500000000 2.26272000000000 1.90723900000000 1.11230900000000 1.13514900000000
3.82610900000000 4.67002500000000 5.48556400000000 6.31268600000000 7.24337900000000 8.84185700000000 11.7946700000000 15.0494200000000 18.3693600000000 21.6472100000000 24.8280600000000 27.7347500000000 29.8400200000000 31.4056600000000 31.7727000000000 31.2814300000000 30.2377600000000 29.1141300000000 27.6032000000000 25.6917900000000 23.7978200000000 21.9809300000000 20.3530800000000 18.9018000000000 17.4854600000000 16.3876300000000 15.4104300000000 14.8071700000000 14.3749200000000 14.3543400000000 14.2290900000000 13.5355700000000 11.9645800000000 10.4932900000000 8.16044500000000 6.43201200000000 5.09202100000000 4.05065600000000 3.31564700000000 2.20286700000000 2.46230600000000 2.22532700000000 1.81961100000000 1.07967200000000 1.16366700000000
3.48679200000000 4.25429500000000 4.91608000000000 5.42561000000000 6.21660800000000 7.54225300000000 9.24697000000000 11.8235600000000 15.0344800000000 18.7526900000000 21.8960900000000 24.7844200000000 27.3962700000000 29.5809400000000 30.4762300000000 30.2429000000000 29.5488100000000 28.5017200000000 27.0826100000000 25.2001400000000 23.4079600000000 21.7629100000000 20.2618600000000 18.7787200000000 17.3919400000000 16.5326800000000 16.2790700000000 16.3455700000000 16.4553100000000 16.6551800000000 16.3186700000000 15.5327200000000 13.1821500000000 11.2749500000000 8.72665200000000 6.83580500000000 5.38022000000000 4.25769900000000 3.67376600000000 2.43279400000000 2.51283000000000 2.29895100000000 1.69542600000000 1.00562000000000 0.955901100000000
2.74448700000000 3.75261300000000 4.26288400000000 4.72043000000000 5.54035500000000 6.77395700000000 8.30606300000000 10.0202800000000 12.7432900000000 15.7156600000000 18.7636000000000 21.8337700000000 25.6967400000000 28.3299500000000 29.3054500000000 29.2565000000000 28.6145200000000 27.4299900000000 25.9042100000000 23.9239400000000 22.4394600000000 21.0477300000000 19.8598300000000 19.1101700000000 18.4530500000000 17.9133900000000 18.3494300000000 18.6864100000000 19.0575400000000 18.8374100000000 17.8752600000000 16.4249600000000 13.8207800000000 11.1096200000000 8.76084400000000 6.97273100000000 5.44097700000000 4.36913300000000 3.86503300000000 2.69465100000000 2.63156700000000 2.25944100000000 1.68408000000000 1.14665600000000 0.795803100000000
2.91684200000000 2.75073800000000 3.86841000000000 4.45598300000000 5.27971300000000 6.34946800000000 7.55743400000000 9.04623100000000 10.5961300000000 12.3622000000000 15.0650200000000 19.8755400000000 23.9558400000000 26.7299100000000 27.9755600000000 27.9391000000000 27.1564300000000 25.7312500000000 23.9231700000000 22.3903900000000 21.1372600000000 20.3105200000000 19.7632500000000 19.3995800000000 19.3400200000000 19.4523800000000 19.8396900000000 20.3786800000000 20.8472700000000 20.5040700000000 19.1624000000000 16.7717100000000 13.9003900000000 11.2459600000000 8.42032000000000 7.02378900000000 5.49373900000000 4.38753100000000 3.92648300000000 2.82579300000000 2.77946900000000 2.20136400000000 1.60031200000000 1.25341800000000 0.914318100000000
2.59740600000000 2.84616500000000 2.82553300000000 4.03557100000000 4.61426800000000 5.37752600000000 6.41790800000000 7.82994100000000 9.21207300000000 10.1945200000000 12.9126800000000 18.4349400000000 22.0335300000000 24.5471800000000 25.8519800000000 25.7897800000000 24.9645800000000 23.3290200000000 21.9068600000000 20.8115000000000 20.0241800000000 19.6642800000000 19.6748600000000 19.8399600000000 20.1957900000000 20.6423500000000 21.4635200000000 22.5045400000000 23.0154800000000 22.3531700000000 20.3984700000000 17.0641500000000 14.0688700000000 11.5423200000000 8.87788700000000 7.49403900000000 5.96417600000000 4.62923200000000 3.96277700000000 2.98050800000000 2.89009800000000 2.18909100000000 1.57370000000000 1.26144300000000 0.994384800000000
2.61465600000000 2.94551300000000 2.93304600000000 2.77995500000000 3.82424400000000 4.51588400000000 5.57391500000000 6.90351600000000 7.67991600000000 8.34102600000000 10.2195500000000 15.0037000000000 18.9957000000000 21.5419400000000 22.9116300000000 23.1881600000000 22.6220900000000 21.2160500000000 20.0509200000000 19.1740000000000 19.0097100000000 19.2675600000000 19.8337300000000 20.3002300000000 21.4417500000000 22.7011000000000 24.0788800000000 25.3483100000000 25.8857400000000 24.9059300000000 21.9904800000000 18.1310700000000 14.6004900000000 12.3293000000000 9.55386500000000 8.10739200000000 6.48099400000000 4.96036300000000 4.12522000000000 3.16501600000000 3.01287300000000 2.26935300000000 1.61264300000000 1.34814700000000 1.20064400000000
2.52658200000000 2.68079400000000 2.97339400000000 3.02428400000000 2.68432700000000 3.42793500000000 4.77242000000000 5.57586800000000 5.77952100000000 6.44810000000000 7.82141600000000 10.9427300000000 14.8260700000000 18.2844500000000 19.8645000000000 20.6148600000000 20.2639700000000 19.1671300000000 18.2906300000000 17.8594700000000 18.3695100000000 19.1810300000000 20.3579900000000 21.9434800000000 23.3500800000000 25.0886000000000 27.1694700000000 28.9431200000000 29.3774600000000 27.6679700000000 24.1684400000000 19.8504400000000 15.5310200000000 12.9342100000000 10.0206900000000 8.59799400000000 6.83812100000000 5.14257400000000 4.13357500000000 3.20591300000000 3.32401300000000 2.50084200000000 2.01155600000000 1.97106700000000 2.18194800000000
2.50477900000000 2.48038400000000 2.70128700000000 2.96912700000000 3.05716600000000 2.61949800000000 3.12157100000000 3.77958200000000 4.08535500000000 4.75767300000000 5.85480600000000 7.31777200000000 10.3263400000000 14.0848100000000 16.8636400000000 18.0646700000000 18.4511000000000 17.1988200000000 16.6317500000000 16.6048600000000 17.9012000000000 19.3873800000000 21.3159800000000 23.3918400000000 25.5805200000000 28.2552800000000 30.6920200000000 32.2609800000000 32.0543300000000 29.5250200000000 25.7894100000000 21.1872100000000 16.0658000000000 12.4853900000000 9.74931300000000 7.89305400000000 6.39950600000000 4.95385800000000 4.09126300000000 3.18241700000000 3.27259300000000 2.56262400000000 2.22567500000000 2.23432800000000 2.30671000000000
2.72815700000000 2.50164300000000 2.45136400000000 2.61201800000000 2.81996400000000 2.87520400000000 2.61239500000000 2.73940300000000 2.93024000000000 3.47438100000000 4.32249800000000 5.37922400000000 7.78814900000000 10.9145000000000 13.6917900000000 15.5697000000000 16.1161400000000 14.8227800000000 14.2059500000000 16.1419400000000 18.2179800000000 20.3996900000000 22.5602000000000 24.9275300000000 27.6933800000000 30.5879600000000 32.6796400000000 33.5575300000000 32.0711100000000 29.2132200000000 25.3843400000000 20.8119100000000 15.6830800000000 11.8939100000000 8.84466600000000 7.21688100000000 5.84844200000000 4.65148600000000 3.90776700000000 3.06472200000000 3.09977200000000 2.52086300000000 2.30775200000000 2.33269900000000 2.34309900000000
2.84156200000000 2.52967600000000 2.25872000000000 2.25068700000000 2.40240500000000 2.65875000000000 2.84567500000000 2.68967000000000 2.56792400000000 2.92016600000000 3.30413600000000 3.69228000000000 4.80696900000000 7.41014600000000 10.0247500000000 12.2047200000000 13.0172200000000 11.7108000000000 13.1193400000000 16.7663400000000 19.0062600000000 20.6842800000000 22.7217700000000 25.4892700000000 27.8423300000000 30.0992100000000 31.1480600000000 30.9149200000000 29.5080000000000 26.8540000000000 23.0451700000000 18.8568900000000 14.0303400000000 10.5959600000000 7.84768500000000 6.47091500000000 5.25581100000000 4.33847400000000 3.77016100000000 2.87948600000000 2.91461300000000 2.49648200000000 2.38984900000000 2.40506100000000 2.38045500000000
2.74247500000000 2.52520600000000 2.11811100000000 1.95576900000000 2.14495900000000 2.34351700000000 2.58235000000000 2.85029600000000 2.79493300000000 2.69572800000000 2.88473500000000 3.10399400000000 3.54521500000000 5.08538200000000 7.01256400000000 8.37688800000000 8.80954600000000 9.70992800000000 12.3459800000000 13.2389300000000 17.2963200000000 19.1182500000000 21.0871800000000 23.3500300000000 25.2622400000000 27.0165600000000 27.7820500000000 27.3333600000000 26.1354100000000 23.8577500000000 20.3373100000000 16.1763800000000 12.0367700000000 8.98947900000000 6.80495700000000 5.72879100000000 4.77871400000000 4.12417000000000 3.65263100000000 2.65909200000000 2.82007800000000 2.62719700000000 2.55331200000000 2.52516700000000 2.49273400000000
2.47059600000000 2.36753600000000 1.99335500000000 1.82557600000000 1.77518500000000 1.84242400000000 2.05231300000000 2.36396500000000 2.91310900000000 2.75146100000000 2.60346500000000 2.82415100000000 3.00935900000000 3.76281000000000 4.96801000000000 5.70772700000000 6.67354100000000 8.71534300000000 11.2054900000000 13.0637000000000 14.7654200000000 15.8894400000000 17.9005600000000 20.1977900000000 22.1385800000000 24.2724400000000 24.7029200000000 24.1502900000000 23.0745700000000 20.8769200000000 17.7542700000000 14.0457000000000 10.3017400000000 7.64445400000000 6.01393100000000 5.13674200000000 4.41225500000000 3.87493700000000 3.49764300000000 2.63954600000000 2.95582500000000 2.93281700000000 2.85108300000000 2.71764300000000 2.63495700000000
1.94801400000000 2.25783800000000 2.19379900000000 1.88392200000000 1.58842800000000 1.51006300000000 1.59165000000000 1.74882700000000 1.98804400000000 2.04157800000000 2.39434100000000 2.64075300000000 2.73867300000000 3.13061200000000 3.68465000000000 4.41346500000000 5.44408000000000 7.16239600000000 8.73377100000000 10.1340300000000 12.0093100000000 14.5845600000000 17.3116400000000 19.6155300000000 21.1035800000000 22.2246600000000 21.8077500000000 21.0674400000000 19.8188900000000 17.9404300000000 14.8768800000000 11.3460400000000 8.43268200000000 6.39896100000000 5.18277700000000 4.56650600000000 4.00632000000000 3.53953600000000 3.21118200000000 2.61634700000000 3.12321500000000 3.14179500000000 3.10284700000000 2.92593800000000 2.82541300000000
1.72411300000000 1.97825700000000 2.17639700000000 1.89560800000000 1.59828200000000 1.38756800000000 1.43203600000000 1.33229500000000 1.57717100000000 1.82028500000000 2.19267600000000 2.44565300000000 2.60212800000000 2.84441200000000 3.19334100000000 3.62858000000000 4.41678100000000 5.55863400000000 6.77261400000000 8.46756600000000 11.2769000000000 14.2526200000000 16.8080900000000 18.8939700000000 19.2601900000000 18.9015000000000 18.2954800000000 16.8950300000000 16.1158100000000 14.3768000000000 11.3942600000000 8.39614000000000 6.46753900000000 5.05004500000000 4.42738000000000 4.12669800000000 3.61568000000000 3.05179200000000 2.82990900000000 2.47779700000000 3.12454100000000 3.09269900000000 3.00067200000000 2.80352900000000 2.77266000000000
1.61990900000000 1.73010100000000 2.05178000000000 1.99963100000000 1.76995400000000 1.50472900000000 1.37355000000000 1.36838200000000 1.80319800000000 1.80667300000000 1.64956800000000 2.17506400000000 2.35203600000000 2.60168300000000 2.87683400000000 3.14487200000000 3.60535400000000 4.50096000000000 5.84496600000000 7.31465600000000 9.16480900000000 11.3268400000000 13.2068400000000 14.6293800000000 15.0098200000000 14.4289200000000 14.0470200000000 13.4888000000000 12.3547000000000 10.0945700000000 7.84301700000000 5.97098300000000 4.66329400000000 3.99153700000000 3.61416800000000 3.41222800000000 3.01094300000000 2.51710200000000 2.35181200000000 2.40180700000000 3.01520000000000 3.45204100000000 3.63306000000000 3.65667000000000 3.50751600000000
1.46516600000000 1.47656600000000 2.06703300000000 2.04705400000000 1.91594500000000 1.77819500000000 1.43810700000000 1.55147100000000 1.81253000000000 1.95500000000000 1.50791100000000 1.55361900000000 2.16947500000000 2.19869500000000 2.53880700000000 2.84630600000000 3.05932100000000 3.63872700000000 4.47685900000000 5.41872900000000 6.30856900000000 7.69414600000000 8.80629100000000 9.69922300000000 10.0269200000000 9.51348800000000 8.95057200000000 8.63131400000000 7.89100600000000 6.60474800000000 5.24482800000000 4.21767600000000 3.47986600000000 3.32817600000000 2.79071800000000 2.28082000000000 1.89569500000000 1.69862000000000 1.93132500000000 2.21958400000000 2.42869700000000 3.51539100000000 3.76826000000000 3.28247800000000 2.17433500000000
1.56057600000000 1.56598500000000 1.96141100000000 2.20113300000000 2.20479300000000 2.05219700000000 1.92273400000000 1.72058400000000 1.92205900000000 1.77154200000000 1.22513800000000 1.23262500000000 1.47599200000000 1.81122000000000 2.29296800000000 2.43367700000000 2.74183800000000 2.98007900000000 3.51183000000000 3.79101400000000 4.22979100000000 4.85024000000000 5.57854700000000 5.96014600000000 6.04034800000000 5.96970800000000 5.45876200000000 5.12332900000000 4.72897500000000 4.39617800000000 3.51129700000000 2.89283900000000 2.43264000000000 2.15328700000000 1.90158400000000 1.82917200000000 1.88428700000000 1.95878300000000 1.85599400000000 2.12574800000000 2.09106200000000 2.01730000000000 1.97028600000000 1.91702100000000 1.31598400000000
1.69636600000000 1.60817100000000 2.11768400000000 2.31767900000000 2.43633400000000 2.61634300000000 2.45905400000000 1.80860600000000 1.72580300000000 1.36554200000000 1.22057500000000 1.53359300000000 1.55584900000000 1.56829000000000 2.02622900000000 2.20852700000000 2.34567900000000 2.61554000000000 2.83714800000000 3.05208700000000 3.03948900000000 3.39276700000000 3.83616400000000 4.00489200000000 4.02266400000000 4.01080100000000 3.77688600000000 3.36392000000000 3.08378600000000 2.63876700000000 2.06952000000000 1.87688900000000 1.98644400000000 1.88058100000000 1.94616500000000 2.29145700000000 2.73960900000000 2.45944200000000 1.66722100000000 1.69581500000000 1.26592600000000 1.18039600000000 1.02110500000000 0.882815400000000 0.856736200000000
1.76451400000000 1.94327900000000 2.08412400000000 2.07278300000000 1.95887700000000 2.22644200000000 2.50396500000000 2.64962600000000 2.41262600000000 2.01861400000000 1.86391100000000 1.77709000000000 2.08964400000000 1.72361100000000 1.72206100000000 2.00175700000000 2.32147800000000 2.64524900000000 2.50660900000000 2.62193500000000 2.47460500000000 2.44367500000000 2.63195200000000 2.80670100000000 2.92659100000000 2.85578000000000 2.72725900000000 2.41519900000000 2.04845800000000 1.75009600000000 1.69435300000000 1.82673800000000 1.99368600000000 2.37371100000000 3.44106400000000 3.95962600000000 3.19740100000000 1.70962300000000 1.10834900000000 0.958437900000000 1.00443600000000 1.01251900000000 1.49077900000000 1.06148700000000 0.993117300000000
