data-raw/wwl Heksenlaak/RasterHeks/input/MV_MIN_GHG_L1_REF.ASC
NCOLS                  100
NROWS                  100
XLLCORNER        226500.0
YLLCORNER        460500.0
CELLSIZE         25.00000
NODATA_VALUE    -9999.000
[rows 0 to 19 of 100, columns 0 to 44 of 100]
4.14893000000000 4.23330500000000 3.89476200000000 3.01327200000000 2.55884700000000 3.70414000000000 3.84455400000000 3.45604900000000 2.96946900000000 2.10825100000000 1.19727100000000 0.870310800000000 0.725732800000000 0.704446800000000 0.739477200000000 0.741206200000000 0.651484500000000 0.688818900000000 0.548444700000000 0.632584600000000 0.745135300000000 0.701971100000000 0.745077100000000 0.817449600000000 0.861953700000000 0.891408900000000 0.962225000000000 1.06130000000000 0.836351400000000 0.852235800000000 0.764872600000000 0.542668300000000 0.475512500000000 0.479512200000000 0.483792300000000 0.509615900000000 0.630014400000000 0.671326600000000 0.903943100000000 1.06019100000000 0.748591400000000 0.752800000000000 0.511781700000000 0.255548500000000 0.336603200000000
3.81614700000000 3.71458100000000 3.80639600000000 3.58889200000000 2.81985900000000 4.04663700000000 4.56060800000000 4.19677800000000 3.40356800000000 2.54964400000000 1.71912300000000 1.14989200000000 0.812744100000000 0.743782000000000 0.815300000000000 0.845312100000000 0.754345900000000 0.661683100000000 0.661782300000000 0.665204000000000 0.635848000000000 0.630279500000000 0.657205600000000 0.616949100000000 0.625280400000000 0.693427100000000 0.657914200000000 0.813994400000000 0.800486600000000 0.784204500000000 0.904183400000000 0.926724400000000 0.762612300000000 0.670628500000000 0.633890200000000 0.755883200000000 1.69757300000000 1.66965300000000 1.25639100000000 1.21069900000000 0.902931200000000 0.657392500000000 0.626686100000000 0.573498700000000 0.268984800000000
3.12847600000000 3.09712800000000 3.31814000000000 3.47848200000000 2.86624400000000 4.05828700000000 4.92568500000000 4.30178800000000 3.42189100000000 2.71977200000000 2.07637100000000 1.85213100000000 1.11158400000000 0.868833500000000 0.856258400000000 0.834487900000000 0.887614300000000 0.756188400000000 0.834849400000000 0.832156200000000 0.790239300000000 0.753045100000000 0.717038200000000 0.620234500000000 0.573473900000000 0.699879600000000 0.719473800000000 0.855860700000000 0.850269300000000 0.753004100000000 0.837806700000000 0.829289400000000 1.04666600000000 1.05745600000000 1.04321400000000 1.30383000000000 1.87033000000000 1.63427300000000 1.60163200000000 1.73093800000000 1.69888400000000 1.65211800000000 1.60814900000000 0.805729900000000 0.645589800000000
3.00781100000000 3.18425500000000 3.57564100000000 3.68475900000000 3.95779600000000 4.59484200000000 4.23101300000000 3.93044800000000 3.26229500000000 2.79111700000000 2.24626300000000 2.40816700000000 2.24174700000000 1.64422100000000 1.11965500000000 1.17464900000000 1.03975300000000 0.837321300000000 0.999399200000000 1.12577200000000 1.08518800000000 1.02493600000000 0.904701200000000 0.785577800000000 0.745109600000000 0.918699300000000 0.845846200000000 0.730604200000000 0.731121100000000 0.819793700000000 0.734301600000000 0.798760400000000 0.970845200000000 1.02566000000000 1.09737900000000 1.28513600000000 1.62358700000000 1.76849300000000 1.46758600000000 1.61654900000000 2.00769000000000 2.09730100000000 1.92517900000000 1.19853800000000 1.20277600000000
3.62906900000000 4.14492900000000 4.21600200000000 3.80092600000000 4.26079500000000 3.98415100000000 3.62356900000000 3.45941300000000 3.25139500000000 2.73758000000000 2.58134400000000 2.59766400000000 2.54338600000000 2.52235900000000 2.13703100000000 1.99999100000000 1.79732000000000 1.48397500000000 1.36927800000000 1.35691600000000 1.35314300000000 1.23432000000000 1.09973000000000 0.967310000000000 1.01396100000000 0.984507600000000 0.843753800000000 0.824960700000000 0.745257400000000 0.778579700000000 0.699161500000000 0.767972900000000 0.812785100000000 0.777905500000000 0.914874100000000 1.14039300000000 1.38877500000000 1.50042700000000 1.22489700000000 1.92547100000000 1.69099700000000 1.88191300000000 1.88234200000000 1.70994300000000 1.68613000000000
4.19779600000000 4.43786700000000 4.08756600000000 4.18193700000000 4.03340100000000 3.61961700000000 3.40579100000000 3.45372300000000 3.47473300000000 2.98736000000000 2.91795900000000 2.85099200000000 2.81607500000000 2.73075800000000 2.28748700000000 2.18923500000000 2.27982200000000 2.16823400000000 2.07675300000000 1.84585100000000 1.74856000000000 1.61165400000000 1.43333800000000 1.27362600000000 1.15158600000000 1.07482800000000 0.904062300000000 0.757490200000000 0.884354600000000 0.885958700000000 0.878003100000000 0.756673800000000 0.683777800000000 0.769596100000000 0.668105100000000 0.892455100000000 1.06351600000000 1.24893100000000 1.33040000000000 1.78412300000000 1.84451100000000 1.30436800000000 1.62524300000000 1.81618400000000 1.79762400000000
4.73057500000000 4.35570100000000 4.28428600000000 4.48752100000000 4.03051700000000 3.79856600000000 3.65836000000000 3.74140300000000 3.73548200000000 3.60636000000000 3.37704100000000 3.18677300000000 3.13167400000000 2.92169800000000 2.74579000000000 2.78897800000000 2.65763700000000 2.59258700000000 2.47621100000000 2.14310400000000 2.29814500000000 2.19231600000000 2.03556100000000 1.72931400000000 1.43132400000000 1.17069300000000 0.898437500000000 0.714570000000000 0.842516900000000 0.896479600000000 0.907984700000000 0.897024200000000 0.750518800000000 0.789861700000000 1.02291900000000 0.954195000000000 1.01205000000000 1.13769800000000 1.00083600000000 1.25073100000000 1.19749900000000 0.823734300000000 1.03482600000000 1.48726900000000 1.79142700000000
5.86986000000000 5.28603900000000 4.76915600000000 4.73811500000000 4.48405400000000 4.25001100000000 4.17742300000000 4.19397200000000 4.07074800000000 4.04357100000000 3.94215200000000 3.86018200000000 3.71540300000000 3.25785100000000 3.29389200000000 3.22232200000000 3.10265000000000 3.00623100000000 2.79712400000000 2.65261000000000 2.80839300000000 2.71915200000000 2.48508700000000 2.08571400000000 1.83200600000000 1.36869700000000 0.874641400000000 0.710451100000000 0.742667200000000 0.899981500000000 0.930054700000000 0.932237600000000 0.728385900000000 0.819850000000000 1.05134000000000 1.10953600000000 1.11425800000000 1.05810000000000 0.895629900000000 0.998534200000000 1.07502700000000 0.778908700000000 0.780409800000000 0.915923100000000 1.31955000000000
6.27600100000000 5.74466600000000 5.40021200000000 5.29239700000000 5.13531700000000 5.01966500000000 4.85325400000000 4.73277700000000 4.55595600000000 4.48765900000000 4.37213800000000 4.32580700000000 4.32818600000000 4.16580600000000 4.07390800000000 3.86660300000000 3.68061400000000 3.52506500000000 3.14139600000000 3.30418700000000 3.36748000000000 3.26453900000000 2.97999600000000 2.70992600000000 2.33604700000000 1.86391000000000 1.25836100000000 0.786233900000000 0.770660400000000 0.853325800000000 0.849597900000000 0.857853900000000 0.863044700000000 0.857522000000000 0.988482500000000 1.09824500000000 1.01924500000000 0.921962700000000 0.845322600000000 0.823225000000000 0.980611800000000 0.820089300000000 0.975378000000000 0.919912300000000 1.14375200000000
6.79411900000000 6.52197400000000 6.19293000000000 5.95622900000000 5.74058700000000 5.64584300000000 5.61819400000000 5.58209900000000 5.33835300000000 5.04487500000000 4.90905600000000 4.86070100000000 4.77840300000000 4.71380600000000 4.65207200000000 4.55581800000000 4.51053100000000 4.10982100000000 3.56020400000000 3.82648800000000 3.85435500000000 3.74620800000000 3.53608200000000 3.33092600000000 2.87476600000000 2.34450600000000 1.93198100000000 1.54114700000000 0.862090100000000 0.863486300000000 0.909724200000000 0.936942100000000 0.998670600000000 0.923138600000000 1.05591400000000 1.00064300000000 0.922222100000000 0.901351900000000 1.00363800000000 1.05216100000000 1.07495400000000 0.967775300000000 0.996256800000000 1.16586600000000 1.17275400000000
7.64641800000000 7.53649900000000 7.07571800000000 6.80104300000000 6.59373400000000 6.38812000000000 6.29539400000000 6.27335800000000 6.16779400000000 5.99029100000000 5.72192000000000 5.45050700000000 5.32307400000000 5.26505900000000 5.07170400000000 5.03131300000000 5.02394700000000 4.67882100000000 4.38401500000000 4.36843700000000 4.40759600000000 4.34851300000000 4.25326000000000 4.10840900000000 3.57112000000000 3.06836500000000 2.78212100000000 2.36447300000000 2.10945500000000 1.51040400000000 1.17742800000000 1.00079200000000 0.973473500000000 1.04415800000000 1.10869000000000 0.989431400000000 0.953804000000000 1.02072200000000 1.17882900000000 1.20286000000000 1.11346000000000 0.865803700000000 0.795631400000000 1.04424800000000 1.12566200000000
8.46894300000000 8.57797300000000 8.06620100000000 7.75595300000000 7.53409500000000 7.29627600000000 7.18474500000000 7.04675400000000 6.82398400000000 6.64738600000000 6.48443500000000 6.33177900000000 6.05988800000000 5.82281200000000 5.61679000000000 5.63695900000000 5.51991900000000 5.16414500000000 5.13438500000000 5.09609500000000 5.17367900000000 5.23324100000000 5.21101700000000 5.19970400000000 4.78765500000000 4.20268800000000 3.81806800000000 3.36865000000000 3.11492000000000 2.66998300000000 2.27065800000000 1.91670400000000 1.37582100000000 1.11185600000000 1.03118000000000 0.950045600000000 1.00143000000000 1.21346800000000 1.30209400000000 1.25014300000000 1.15469300000000 1.01664400000000 0.828534100000000 0.993630400000000 1.04948900000000
9.62695600000000 9.69829800000000 9.34009800000000 8.95721100000000 8.65196100000000 8.43976900000000 8.22884200000000 7.93303300000000 7.61234200000000 7.36761300000000 7.14203600000000 7.10917900000000 7.00318700000000 6.68307100000000 6.40502200000000 6.25775900000000 6.02796600000000 5.86299100000000 5.79296300000000 5.80542300000000 5.84659600000000 6.04339600000000 6.36114900000000 6.33807700000000 5.93277100000000 5.58079700000000 4.90844400000000 4.41144600000000 4.02509900000000 3.55159800000000 3.10455800000000 2.94702600000000 2.58357100000000 2.09348600000000 1.47700600000000 1.06104100000000 1.04281500000000 1.42825700000000 1.42305000000000 1.29062600000000 1.26733300000000 1.14982300000000 1.10156100000000 1.03931400000000 0.797002800000000
11.1409400000000 11.0024700000000 10.9384300000000 10.5333300000000 10.1156000000000 9.85616600000000 9.46892100000000 9.00142900000000 8.59207100000000 8.23730600000000 8.09575100000000 7.97997800000000 7.80247200000000 7.63402200000000 7.39786700000000 7.04493400000000 6.65166300000000 6.72607100000000 6.63911200000000 6.56675600000000 6.56331300000000 6.91122700000000 7.45161700000000 7.44615000000000 6.76562800000000 8.04668500000000 7.96959700000000 6.44022800000000 4.89166700000000 4.41891300000000 3.93185900000000 3.54426000000000 3.08219200000000 2.72472500000000 2.47166300000000 2.20240800000000 1.89936700000000 1.68583500000000 1.83633300000000 1.98249400000000 1.94969700000000 1.42933600000000 1.32579400000000 1.21904600000000 1.12818300000000
12.9003900000000 12.2389800000000 12.7735700000000 12.7125300000000 11.8524000000000 11.3703900000000 10.8828500000000 10.3180600000000 9.76359300000000 9.39658800000000 9.28029300000000 9.11662200000000 8.83711300000000 8.48785800000000 8.25192500000000 8.05796800000000 7.69821700000000 7.79720700000000 7.74652400000000 7.51015500000000 7.46425300000000 7.99917600000000 8.88051300000000 8.58248100000000 9.08555500000000 10.0176900000000 9.58117400000000 9.06300500000000 7.81107700000000 5.86610400000000 4.83668000000000 4.31727300000000 3.83284500000000 3.36806300000000 3.04402600000000 2.75874400000000 2.54505700000000 2.48708700000000 2.35659200000000 2.44089800000000 2.46171900000000 1.83906100000000 1.82058100000000 1.60867300000000 1.35459300000000
14.3999500000000 13.0502900000000 13.5243800000000 14.7940400000000 14.4169800000000 13.0980600000000 12.4864900000000 11.6999600000000 11.0389500000000 10.8132700000000 10.5914000000000 10.3442900000000 10.0350800000000 9.48208800000000 9.19287700000000 9.05325400000000 8.97833300000000 8.92151900000000 9.01177100000000 8.68462800000000 8.56506200000000 9.19121000000000 10.6496700000000 12.6895300000000 13.6801000000000 13.5769700000000 12.2371600000000 11.3742400000000 9.68075700000000 8.48869000000000 6.91559400000000 5.32426500000000 4.66001900000000 4.20119200000000 3.71741300000000 3.30315600000000 3.02202000000000 2.82038500000000 2.63152700000000 2.57036900000000 2.52412100000000 1.91053700000000 2.05801600000000 1.99775000000000 1.87056700000000
15.3533900000000 14.2943500000000 14.6993300000000 16.3963000000000 16.8802800000000 15.1438700000000 14.0200000000000 13.2302800000000 12.6080800000000 12.2615400000000 11.8970400000000 11.5638000000000 11.2352300000000 10.6813000000000 10.2495900000000 10.3833800000000 10.1435000000000 10.0337300000000 10.1940100000000 10.0128400000000 9.84086700000000 10.3705300000000 12.3189800000000 14.6349100000000 15.7073100000000 16.1367200000000 15.6870800000000 13.6586100000000 12.3560100000000 10.7631500000000 9.46715800000000 8.32375100000000 6.53271100000000 5.33580800000000 4.58834700000000 3.90294800000000 3.50070300000000 3.18770700000000 2.98449500000000 2.80257700000000 2.65808500000000 2.15406600000000 2.29180100000000 2.24744200000000 2.16671800000000
16.0893900000000 14.8209300000000 17.4718000000000 19.4169200000000 18.5025600000000 17.0531600000000 15.3008200000000 14.6780200000000 14.4980600000000 14.1331500000000 13.4593800000000 12.9620300000000 12.5442000000000 12.0153200000000 11.5830400000000 11.8050700000000 11.4249500000000 11.3380700000000 11.3939900000000 11.4220300000000 11.3174600000000 11.7005300000000 13.5692700000000 15.8793400000000 17.4922800000000 18.1834700000000 18.0981100000000 17.2926900000000 15.8592000000000 13.7664400000000 11.5169400000000 9.93050900000000 8.39938100000000 6.81348900000000 5.83380700000000 5.10214100000000 4.16092400000000 3.55808700000000 3.33089600000000 3.07708800000000 2.86531400000000 2.33192200000000 2.35690300000000 2.23334900000000 2.26017100000000
18.2945800000000 17.5356600000000 21.0668100000000 21.1908800000000 19.5284700000000 18.9268400000000 16.8471500000000 16.0793900000000 16.5241400000000 15.7783000000000 15.4205300000000 14.9816700000000 14.0881700000000 13.4126500000000 13.3582600000000 13.2561400000000 13.6441000000000 13.9967500000000 13.2093800000000 12.8484200000000 12.9038200000000 13.2503800000000 15.2480400000000 17.5655300000000 19.6355200000000 20.3084700000000 20.0047000000000 19.2981700000000 18.2051800000000 16.0489600000000 13.6055500000000 11.5623400000000 9.78524300000000 7.95344400000000 6.69424700000000 5.68049500000000 4.94012300000000 4.17615600000000 3.65651900000000 3.45742300000000 3.14462000000000 2.52984200000000 2.42271000000000 2.22918300000000 2.22989400000000
22.1484100000000 22.7860900000000 23.0948600000000 22.7987000000000 21.0161900000000 19.8859100000000 18.7696100000000 18.9030400000000 19.5532000000000 18.5576700000000 17.7339500000000 16.9239700000000 16.2190000000000 15.3755100000000 15.1395800000000 15.2154900000000 16.8198800000000 17.3711200000000 16.6345200000000 15.2415200000000 14.5339300000000 14.9664500000000 16.7072100000000 19.2429100000000 21.0761700000000 21.5526300000000 21.3609100000000 20.4941600000000 19.2183300000000 17.6893800000000 15.2688600000000 12.9379800000000 10.9107600000000 9.11841900000000 7.48101800000000 6.43112200000000 5.54618400000000 4.68304000000000 3.98518000000000 3.50971900000000 3.06998000000000 2.66343300000000 2.02804500000000 1.93025800000000 2.00925500000000
