data-raw/wwl Heksenlaak/RasterHeks/input/MV_MIN_GLG_L1_REF.ASC
NCOLS                  100
NROWS                  100
XLLCORNER        226500.0
YLLCORNER        460500.0
CELLSIZE         25.00000
NODATA_VALUE    -9999.000
[rows 60 to 79 of 100, columns 0 to 44 of 100]
14.5489400000000 14.6890800000000 14.8801600000000 14.7885800000000 14.8019300000000 14.7040400000000 14.4801000000000 14.1804300000000 13.7325300000000 13.4813800000000 13.5304200000000 13.7961000000000 14.4108100000000 15.2524100000000 15.9958500000000 16.5833300000000 16.9976200000000 17.2546200000000 17.3548500000000 17.5106200000000 17.4511400000000 17.3886500000000 17.4935300000000 17.8481000000000 18.4553600000000 19.4612400000000 20.1527600000000 20.0884300000000 19.7881800000000 19.9410500000000 19.7195100000000 18.4917700000000 16.8450300000000 14.8947600000000 12.6564400000000 10.1754100000000 7.98551100000000 6.13566100000000 4.84893100000000 3.26251100000000 2.87965600000000 2.49933100000000 1.91526600000000 1.56186900000000 1.05392500000000
13.3338700000000 13.6735600000000 13.9769600000000 13.8672200000000 13.9198700000000 13.8043400000000 13.5706000000000 13.3310700000000 13.1603100000000 12.7186500000000 12.9691100000000 13.7566100000000 14.5901000000000 15.4401000000000 16.1258300000000 16.6534400000000 17.1793600000000 17.4766100000000 17.5168800000000 17.3567000000000 17.2667200000000 17.0178900000000 16.8097000000000 16.8293700000000 17.1958900000000 18.0356000000000 18.6467500000000 18.9771500000000 18.6541600000000 18.8063100000000 18.7164100000000 17.5262100000000 16.2379900000000 14.3749200000000 12.6132200000000 9.90919300000000 7.73700100000000 5.83891100000000 4.61221000000000 3.32892500000000 3.21036100000000 2.51484400000000 1.81221800000000 1.55352400000000 1.07438300000000
12.2084900000000 12.7132700000000 12.9086800000000 12.9870300000000 13.0107400000000 12.8875300000000 12.6756800000000 12.5163000000000 12.3896900000000 11.9656300000000 12.9499800000000 14.1545500000000 15.1762800000000 16.0830200000000 16.7269000000000 17.1486900000000 17.5363100000000 17.7163800000000 17.8640700000000 17.6606700000000 17.3293800000000 16.9285900000000 16.4290400000000 16.0073100000000 16.0041200000000 16.3980300000000 16.8120600000000 17.2565500000000 17.2623600000000 17.5594400000000 17.1814900000000 16.1280800000000 15.1598900000000 13.7427400000000 11.6007500000000 9.53666400000000 7.36864600000000 5.53335800000000 4.35643400000000 3.17901800000000 3.08514400000000 2.74547200000000 1.85679200000000 1.62461900000000 1.17534400000000
11.1634000000000 11.5602200000000 11.5498400000000 11.9797300000000 12.1055900000000 11.9355800000000 11.8139500000000 11.7076500000000 11.4817800000000 12.4346100000000 13.5114500000000 15.0031300000000 16.3602600000000 17.2465500000000 17.7277700000000 18.0624600000000 18.2976500000000 18.4183900000000 18.4201600000000 18.1449300000000 17.7123700000000 17.1294000000000 16.4454500000000 15.7076900000000 15.0604000000000 14.7708100000000 15.0208000000000 15.4346000000000 15.4883100000000 15.5752000000000 15.3409400000000 14.5494400000000 13.7048600000000 12.7450000000000 10.7289700000000 8.57836200000000 6.74303100000000 5.33157000000000 4.20444100000000 3.33557400000000 3.30743300000000 2.97542100000000 2.23374400000000 1.69328300000000 1.22264600000000
10.0044500000000 10.6848700000000 10.8909000000000 10.8199700000000 10.9913800000000 11.0352900000000 11.0780800000000 11.0149500000000 11.7872800000000 12.6100100000000 13.7952500000000 15.1534900000000 16.9318300000000 18.3724900000000 18.4598600000000 18.9209100000000 19.1985300000000 19.4096500000000 19.2615900000000 18.8993000000000 18.3793900000000 17.6553800000000 16.7024200000000 15.6320700000000 14.7067400000000 13.9847400000000 13.6311800000000 13.4878200000000 13.3640700000000 13.2779700000000 13.3633200000000 12.8762100000000 12.3777800000000 11.2505200000000 9.57829300000000 7.89715300000000 6.41457700000000 5.20328900000000 4.10132600000000 3.45666900000000 3.62961300000000 3.30568200000000 2.77342600000000 1.74058500000000 1.21521300000000
9.29015800000000 9.65382900000000 10.1086500000000 10.0933200000000 9.85159000000000 10.1708400000000 10.5982700000000 11.5005800000000 12.1614500000000 13.1284000000000 14.2183500000000 15.4278300000000 17.1992900000000 18.5569200000000 16.7379200000000 16.2402300000000 19.5466500000000 20.2696500000000 20.2204400000000 19.7664000000000 19.0436500000000 18.1630500000000 16.9270600000000 15.5496100000000 14.4104000000000 13.5558900000000 12.9559800000000 12.1372600000000 11.7265900000000 11.5702000000000 11.6504400000000 11.3782400000000 10.9859100000000 9.93084800000000 8.64614500000000 7.32154100000000 6.15231600000000 5.16844800000000 4.10305300000000 3.64967200000000 3.83731400000000 3.48384800000000 3.01492600000000 1.49682400000000 1.05612700000000
8.50665300000000 8.87190600000000 9.05870000000000 9.34104200000000 9.39437700000000 9.75248700000000 10.9861700000000 11.7465800000000 12.8295000000000 13.7798400000000 14.7396600000000 15.9744000000000 17.4784200000000 18.8469300000000 15.8957500000000 14.6996800000000 16.8995700000000 20.8418900000000 20.9433300000000 20.5315700000000 19.7633600000000 18.6000600000000 16.8933000000000 15.5808600000000 14.4275500000000 13.4755500000000 12.5540900000000 11.4114700000000 10.7199200000000 10.2984200000000 9.99859000000000 9.67961200000000 9.33245600000000 8.51239200000000 7.60287900000000 6.63460800000000 5.78237200000000 5.05325700000000 4.03816400000000 3.72425500000000 3.77797800000000 3.42800700000000 2.97359400000000 1.46931400000000 0.927168800000000
7.47051200000000 7.83430600000000 8.39704700000000 8.60916300000000 9.02724100000000 10.3685200000000 11.4674500000000 12.0364800000000 13.0040000000000 14.1996700000000 15.3589200000000 16.6273800000000 17.9261600000000 19.4286000000000 20.3982700000000 17.0485300000000 17.4231000000000 21.6771800000000 22.1881900000000 21.4128500000000 20.5339700000000 19.0223400000000 17.3891600000000 16.1071500000000 14.8258600000000 14.0089200000000 13.0276000000000 11.7826400000000 10.7584200000000 9.81873600000000 8.97242800000000 8.42415700000000 8.05627700000000 7.36937200000000 6.66988000000000 5.96325400000000 5.35797600000000 4.80288900000000 3.93790300000000 3.65715500000000 3.75989600000000 3.41280000000000 2.75316500000000 1.54802000000000 0.997323000000000
6.68682800000000 7.24986500000000 7.85112600000000 8.30004000000000 9.91700200000000 11.3235600000000 12.0673400000000 12.8150200000000 13.5354800000000 14.4273500000000 15.5737400000000 17.2361200000000 18.4455900000000 20.2134200000000 22.0097100000000 22.1335100000000 23.7055300000000 23.5856800000000 24.0550300000000 23.5488500000000 22.3705200000000 20.5259900000000 18.6921600000000 17.1162300000000 16.1390500000000 15.1368900000000 13.6096600000000 12.4892600000000 11.4288100000000 10.3700000000000 9.33242200000000 8.31242800000000 7.44152000000000 6.71710800000000 6.09683400000000 5.54197500000000 5.06481500000000 4.57940800000000 3.95169200000000 3.48891800000000 3.26671900000000 2.90542200000000 2.29988600000000 1.86728800000000 1.30044600000000
6.23196400000000 6.90736800000000 7.62069800000000 9.44453000000000 10.7621700000000 11.6912800000000 12.6305100000000 13.6794900000000 14.6267900000000 15.3013800000000 16.2907300000000 17.8628100000000 19.0883700000000 21.5356300000000 23.3679500000000 25.2165900000000 26.0790300000000 25.8972400000000 25.7463000000000 25.8583400000000 25.2530400000000 23.8476800000000 21.9615800000000 20.1637500000000 18.3738300000000 16.4679600000000 14.3443500000000 13.4074100000000 12.3649700000000 11.0996600000000 9.83858100000000 8.62002200000000 7.62640900000000 6.78295500000000 5.92720400000000 5.25928200000000 4.80943500000000 4.40339100000000 3.89612800000000 3.52750600000000 3.46663900000000 3.11219800000000 2.32407200000000 2.04896800000000 1.88880200000000
6.21798800000000 7.18589300000000 8.54745000000000 9.96581800000000 11.0792500000000 12.1726300000000 13.2648300000000 14.4710100000000 15.6859100000000 16.6926500000000 17.5800400000000 18.9269900000000 20.1556100000000 22.3284100000000 24.9225800000000 26.8280200000000 27.9732500000000 28.2910800000000 28.1970700000000 28.0766300000000 27.4710400000000 26.6553300000000 25.2625200000000 23.5244400000000 21.5544100000000 19.4019200000000 17.3117300000000 15.1256900000000 13.2648200000000 11.9668900000000 10.4750700000000 9.01307900000000 7.78106600000000 6.83143800000000 5.88884500000000 5.08808500000000 4.58634100000000 4.23597500000000 3.77463000000000 3.36865000000000 3.34640300000000 3.01156600000000 2.31385900000000 1.98987700000000 2.08747200000000
6.57049800000000 7.63231100000000 8.87048100000000 10.1225700000000 11.4544100000000 12.7258200000000 13.9814900000000 15.3512800000000 16.7106100000000 17.9647100000000 19.2474800000000 20.8147000000000 22.3141100000000 23.9583400000000 26.2898500000000 28.4704600000000 29.7463800000000 30.2268600000000 30.4865500000000 29.8725400000000 29.0863900000000 28.2526300000000 27.1634100000000 25.5464100000000 23.9160900000000 21.9961900000000 19.6858700000000 17.2206900000000 14.5892100000000 12.7635500000000 11.1391900000000 9.42679400000000 7.99669600000000 6.98263600000000 5.99246400000000 5.12919800000000 4.55505600000000 4.18562900000000 3.70115900000000 3.26307000000000 3.26962700000000 2.94541600000000 2.38818700000000 1.81669500000000 1.91521400000000
6.71553900000000 7.75895200000000 9.07411400000000 10.4299600000000 11.7735300000000 13.3465300000000 14.9446000000000 16.3604100000000 17.9347700000000 19.4051200000000 21.2058600000000 23.3587600000000 25.1585600000000 26.7468500000000 28.3280600000000 30.4171800000000 31.5847900000000 32.0736300000000 32.0768200000000 31.3331600000000 30.2638600000000 29.3079600000000 28.1657000000000 26.5478500000000 24.9492600000000 23.2401900000000 21.2581900000000 18.8191700000000 15.9531500000000 13.2743700000000 11.5973400000000 9.85111900000000 8.31259200000000 7.13911300000000 6.09470600000000 5.21049300000000 4.59575300000000 4.17240800000000 3.65943600000000 3.18626900000000 3.23562900000000 2.87977800000000 2.40592700000000 2.00717200000000 1.98564800000000
6.84043800000000 8.03513800000000 9.39026500000000 10.8156300000000 12.2402600000000 14.1502800000000 16.0969900000000 17.8598200000000 19.2795000000000 21.2764900000000 23.5613900000000 25.9931300000000 28.4121900000000 29.8110400000000 31.0276000000000 32.1774200000000 33.1321900000000 33.5224200000000 33.0421900000000 31.9607000000000 30.7685800000000 29.7780400000000 28.5078300000000 27.0476800000000 25.3307400000000 23.6209900000000 21.7539300000000 19.5133500000000 16.6954200000000 13.6656800000000 11.8738800000000 10.1131200000000 8.44344100000000 7.15559400000000 6.13287100000000 5.27830000000000 4.67546000000000 4.21987600000000 3.73013500000000 3.22126700000000 3.16538000000000 2.75806200000000 2.47924800000000 2.19799000000000 2.10491700000000
6.59191000000000 8.14346700000000 9.76149700000000 11.1112400000000 13.2715100000000 15.3960000000000 17.4301400000000 19.2442700000000 21.2437900000000 23.4966000000000 26.0873100000000 28.7832500000000 30.8986500000000 32.0568500000000 32.8154900000000 33.4749900000000 34.0496300000000 34.0042800000000 33.1120300000000 31.9507800000000 30.7425000000000 29.5267300000000 28.4553600000000 27.0794400000000 25.3977800000000 23.4564200000000 21.5808900000000 19.3802800000000 16.1431900000000 13.5373300000000 11.9448200000000 10.1290600000000 8.45536200000000 7.16159000000000 6.23479800000000 5.45380100000000 4.86352500000000 4.38376600000000 3.95572600000000 3.39964200000000 3.05661000000000 2.72412400000000 2.53535800000000 2.33713800000000 2.13477100000000
6.13345300000000 7.59841200000000 10.1610900000000 12.6977800000000 15.0401900000000 17.5671800000000 19.6014800000000 21.5440800000000 23.3181700000000 25.7262500000000 28.7583500000000 31.1697900000000 32.5731100000000 33.5608700000000 34.2945100000000 34.2279400000000 34.0554500000000 33.5088700000000 32.5606200000000 31.4118700000000 30.3495300000000 29.1595800000000 27.8999400000000 26.5751400000000 24.9861000000000 23.2723900000000 21.1465200000000 18.5001600000000 15.4240700000000 12.9954700000000 11.6146200000000 9.90438000000000 8.34304800000000 7.20908700000000 6.34541500000000 5.42408700000000 4.86412500000000 4.45294400000000 4.17936400000000 3.42191600000000 3.20850900000000 3.11307300000000 2.44629200000000 2.03780500000000 2.01293800000000
5.51741200000000 6.94392400000000 9.84101000000000 13.2907300000000 16.1734700000000 18.4327500000000 19.7891300000000 22.0616200000000 23.8886900000000 26.4975800000000 29.5169300000000 31.6406700000000 33.0363000000000 33.7609800000000 34.0667800000000 33.8272500000000 33.3357900000000 32.4877400000000 31.4994400000000 30.4729500000000 29.4179000000000 28.1543000000000 26.9637200000000 25.7757000000000 24.2071400000000 22.4750900000000 20.3105700000000 16.9149000000000 14.8155500000000 13.3984100000000 11.7549100000000 9.99865700000000 8.34335600000000 7.17952200000000 6.39001800000000 5.43122400000000 4.85255800000000 4.46475300000000 4.21514600000000 3.47710600000000 3.38018100000000 3.37643000000000 2.57303600000000 1.98812200000000 2.01441500000000
5.16792600000000 6.39677900000000 8.49686700000000 11.8792600000000 14.6047800000000 17.1829100000000 18.9807100000000 20.4665900000000 23.0076400000000 26.0189300000000 29.2488300000000 31.5774400000000 32.9883600000000 33.6044800000000 33.7707300000000 33.2584900000000 32.4693100000000 31.3544600000000 30.2896200000000 29.1598400000000 27.8980000000000 26.6271900000000 25.5455700000000 24.4838900000000 22.9782500000000 21.2637600000000 19.2780000000000 16.2393800000000 14.6073900000000 13.1241300000000 11.4358600000000 9.79521900000000 8.32939100000000 7.29483300000000 6.53892700000000 5.55543800000000 4.80271200000000 4.34647200000000 4.06126800000000 3.36812400000000 3.32611100000000 3.32242900000000 2.53470300000000 1.78083400000000 1.78412000000000
4.91168200000000 5.92410100000000 7.38821800000000 9.75889400000000 12.1870500000000 14.2372500000000 16.4521800000000 19.4037400000000 23.1571500000000 26.6663400000000 29.4824300000000 31.6888800000000 32.7615800000000 33.4775000000000 33.5521900000000 32.8705000000000 31.7357300000000 30.3200400000000 28.7901300000000 27.5017400000000 26.2054000000000 25.0022700000000 23.8967500000000 22.8928200000000 21.4961800000000 19.9138700000000 17.9359800000000 15.8688700000000 14.3476400000000 12.7541000000000 11.1967100000000 9.84619600000000 8.72402400000000 7.73013900000000 6.83537900000000 5.75218000000000 4.83785900000000 4.24882900000000 3.94189500000000 3.19482900000000 3.25375700000000 3.19629000000000 2.56202100000000 1.63350100000000 1.53015400000000
4.86920400000000 5.68205900000000 6.63161700000000 8.25015200000000 9.77108300000000 12.3288700000000 15.3466300000000 19.4142800000000 23.7749700000000 27.1561900000000 30.0271300000000 31.8237600000000 33.1443700000000 33.6762500000000 33.6246000000000 32.9301500000000 31.3860200000000 29.7636500000000 27.9192500000000 26.2155500000000 24.8120500000000 23.6105800000000 22.4585000000000 21.2835500000000 20.2047500000000 18.7314500000000 17.2862000000000 15.6071800000000 14.0307400000000 12.6215400000000 11.5161500000000 10.7012600000000 9.81471200000000 8.62586400000000 7.50875900000000 6.31615800000000 5.22115900000000 4.44576500000000 4.02891700000000 3.06230400000000 3.24407600000000 3.11594900000000 2.64348700000000 1.65146400000000 1.55631800000000
