data-raw/wwl Heksenlaak/RasterHeks/input/MV_MIN_GLG_L1_REF.ASC
NCOLS                  100
NROWS                  100
XLLCORNER        226500.0
YLLCORNER        460500.0
CELLSIZE         25.00000
NODATA_VALUE    -9999.000
[rows 60 to 79 of 100, columns 45 to 89 of 100]
0.770231200000000 0.764661800000000 1.00124000000000 1.27881200000000 1.19914600000000 1.07442700000000 0.988947900000000 2.19761000000000 2.96407400000000 3.54894600000000 3.69534100000000 3.43761300000000 3.41724100000000 3.76501800000000 4.15625700000000 4.50576200000000 4.60875500000000 4.17018800000000 4.08263400000000 3.92434300000000 2.83551100000000 1.35966300000000 1.34009600000000 1.31152900000000 1.45910600000000 3.21142500000000 5.85853900000000 5.23420600000000 4.81808600000000 3.36129600000000 1.37733700000000 1.05029200000000 1.07466800000000 1.16501700000000 1.16609000000000 1.15923500000000 1.13869200000000 1.14146600000000 1.15897400000000 1.15655000000000 1.17015300000000 1.09064500000000 1.11314400000000 1.26125000000000 1.24488500000000
0.783020000000000 0.741268200000000 0.827726400000000 1.02214000000000 1.05387100000000 1.18145700000000 1.32263300000000 1.31671000000000 2.41386200000000 3.19940600000000 3.75813300000000 3.72697300000000 3.61327000000000 3.76059600000000 4.14059400000000 4.73185700000000 5.05109300000000 4.87130500000000 4.87139200000000 4.86033100000000 2.64890300000000 1.63872300000000 1.35272700000000 1.34489300000000 1.29698100000000 2.35004900000000 5.14866500000000 3.31416200000000 1.71389600000000 1.20023900000000 1.14437900000000 1.10769500000000 1.12125200000000 1.15982600000000 1.16901000000000 1.16810700000000 1.16694600000000 1.14940600000000 1.11665400000000 1.13082000000000 1.11053500000000 1.11805300000000 1.06910700000000 1.22007000000000 1.12739100000000
0.808747300000000 0.695225700000000 0.689074500000000 0.786542900000000 1.18337100000000 1.45650900000000 1.45085600000000 1.38799200000000 1.69754300000000 2.76888200000000 3.48998700000000 3.77573500000000 3.86815000000000 3.96744400000000 4.13784700000000 4.50581800000000 4.73479300000000 4.86052800000000 5.23484500000000 5.44834900000000 3.35560000000000 1.95377300000000 1.35001500000000 1.31249600000000 1.27166500000000 1.22657900000000 1.27031200000000 1.18836700000000 1.13460600000000 1.13529100000000 1.01559000000000 1.04590600000000 1.09251300000000 1.25830100000000 1.24439000000000 1.24763800000000 1.29176900000000 1.31281200000000 1.24519900000000 1.19578100000000 1.18049200000000 1.15574600000000 1.08405000000000 1.19456600000000 1.11690100000000
0.762418700000000 0.668182400000000 0.724867800000000 0.772833800000000 1.00742300000000 1.25619500000000 1.42984900000000 1.46933600000000 1.24372000000000 2.34428600000000 3.03636700000000 3.44504500000000 3.82078500000000 4.01846500000000 4.10011800000000 4.20583300000000 4.24286400000000 4.36355700000000 4.64055900000000 3.95927800000000 2.27125100000000 2.05741900000000 1.57617100000000 1.25638500000000 1.20082400000000 1.17157400000000 1.11901200000000 1.02481400000000 0.914734800000000 0.950521500000000 1.17947100000000 1.26833200000000 1.27775700000000 1.35324500000000 1.34785700000000 1.32785500000000 1.39491100000000 1.44617800000000 1.40054300000000 1.40846900000000 1.35717100000000 1.25674700000000 1.21203600000000 1.21861400000000 1.12539700000000
0.876582100000000 0.768437400000000 0.738649400000000 0.677878400000000 0.729480700000000 0.802808800000000 0.945854200000000 1.22844400000000 1.35348300000000 1.61598700000000 2.64343600000000 2.94904300000000 3.36278600000000 3.59929800000000 3.65938000000000 3.69854600000000 3.69280100000000 3.52170200000000 2.97911200000000 2.09196000000000 1.99713000000000 1.86756300000000 1.82191800000000 1.53853900000000 1.08890200000000 1.03582200000000 0.875890700000000 0.958675400000000 1.02116300000000 1.02527300000000 1.21612700000000 1.19744700000000 1.23768200000000 1.22359900000000 1.29666000000000 1.26298000000000 1.30486100000000 1.33414400000000 1.35437900000000 1.45259000000000 1.56935500000000 1.48941800000000 1.37789000000000 1.10862700000000 1.02896100000000
1.12547900000000 0.999563200000000 0.782191300000000 0.626196900000000 0.778206800000000 0.716607100000000 0.815190300000000 0.923492400000000 0.929053300000000 1.02163700000000 1.61528700000000 2.24601000000000 2.79449400000000 2.94537700000000 2.98614500000000 2.50801600000000 1.77479500000000 1.63609700000000 1.69520000000000 1.81023800000000 1.79958500000000 1.78406300000000 1.76189600000000 1.99447900000000 1.59292700000000 0.952863700000000 0.911851900000000 1.07976200000000 1.08392700000000 1.01650700000000 1.09522200000000 1.07266500000000 1.14467000000000 1.13498800000000 1.11240600000000 1.08445800000000 1.13439300000000 1.13767600000000 1.13333200000000 1.16823600000000 1.20811400000000 1.18281400000000 1.35177000000000 0.958616300000000 0.923463800000000
0.798960700000000 0.772693600000000 0.881446800000000 0.794750200000000 0.772351300000000 0.772603000000000 0.812053700000000 0.866821300000000 0.808728200000000 0.789274200000000 0.880467400000000 0.855421100000000 1.03043900000000 1.26002000000000 1.24879600000000 1.16993300000000 1.20708700000000 1.39405300000000 1.78973300000000 1.88602200000000 1.63909600000000 1.58393400000000 1.33597300000000 1.21604300000000 1.79814100000000 1.04649400000000 0.993750600000000 1.08790200000000 1.07775700000000 1.02961500000000 1.09023500000000 1.11896700000000 1.15153500000000 1.21175900000000 1.15580500000000 1.35852000000000 1.39726800000000 1.41584800000000 1.43294100000000 1.45457600000000 1.47669500000000 1.46397800000000 1.45319500000000 0.846013100000000 0.772191000000000
0.740902900000000 0.731273700000000 0.929407100000000 1.11114500000000 0.957970600000000 0.747139000000000 0.810417200000000 0.895638500000000 0.915845900000000 0.895940800000000 0.979078300000000 0.994135900000000 0.894171700000000 0.853245700000000 0.820726400000000 0.992784500000000 1.10006900000000 1.19068200000000 1.36664100000000 1.32804200000000 1.20854700000000 1.12846900000000 0.949888200000000 1.00619400000000 0.957309700000000 1.03988600000000 1.11070000000000 1.20340700000000 1.28559200000000 1.29348400000000 1.34858900000000 1.38838700000000 1.43398600000000 1.49151600000000 1.32510400000000 1.44017500000000 1.55145500000000 1.56978600000000 1.58795200000000 1.60283200000000 1.61601800000000 1.60495200000000 1.60109300000000 1.05898700000000 0.962102900000000
0.807414100000000 0.792629200000000 0.857184400000000 0.972912800000000 1.03537200000000 0.726285000000000 0.820347800000000 0.975620300000000 0.957373600000000 1.00742200000000 1.08545300000000 1.13402800000000 1.02976700000000 0.921448700000000 0.917544400000000 0.905839900000000 0.787246700000000 0.797320400000000 0.948972700000000 0.996262600000000 0.939325300000000 0.955593100000000 0.970774700000000 0.916523900000000 0.858561500000000 0.972291000000000 1.00457500000000 1.05198000000000 1.10391200000000 1.11103000000000 1.21308900000000 1.37607700000000 1.44598900000000 1.44728500000000 1.27130300000000 1.56001400000000 1.64467500000000 1.67559000000000 1.70127900000000 1.72479900000000 1.74124200000000 1.72305700000000 1.67721000000000 1.33552000000000 1.11021000000000
1.44831500000000 1.21304200000000 1.11212000000000 0.999439200000000 0.866137500000000 0.804997400000000 0.956972100000000 0.995442400000000 0.808185600000000 0.907112100000000 0.971314400000000 1.00239300000000 1.01789700000000 0.957593900000000 1.01073300000000 1.04971000000000 0.881764400000000 0.843901600000000 0.733994500000000 0.879226700000000 0.930236800000000 0.920452100000000 0.948975600000000 0.750169800000000 0.876466800000000 0.917612100000000 0.962266900000000 1.04632900000000 1.09588700000000 1.13373600000000 1.26025500000000 1.35439800000000 1.35228100000000 1.44966000000000 1.51941000000000 1.75718100000000 1.78809600000000 1.79865700000000 1.83450100000000 1.85722400000000 1.87833000000000 1.87694200000000 1.83478200000000 1.46946800000000 1.05445100000000
1.91602500000000 1.80687300000000 1.75336500000000 1.51895500000000 1.18225700000000 1.39902900000000 1.35243800000000 1.01091400000000 0.809008600000000 0.976607300000000 1.07664000000000 1.08547500000000 1.13265100000000 1.16881900000000 1.30368600000000 1.34667400000000 1.13094300000000 0.903428100000000 0.853587200000000 0.760459900000000 0.917909600000000 0.979019200000000 0.783982300000000 0.750754400000000 0.717486400000000 0.838846200000000 0.946281400000000 1.01596500000000 1.09262200000000 1.19098600000000 1.28115900000000 1.24819800000000 1.27834800000000 1.39059500000000 1.17320000000000 1.51372400000000 1.46201300000000 1.52325200000000 1.62768700000000 1.70596600000000 1.81166300000000 1.91090400000000 1.87820500000000 1.65373400000000 1.01018100000000
2.05005500000000 1.89543400000000 1.87200900000000 1.64291200000000 1.44447000000000 1.56586600000000 1.66653400000000 1.56574100000000 1.61427000000000 1.62984200000000 1.60402200000000 1.50904200000000 1.51115700000000 1.55514300000000 1.60725000000000 1.76586200000000 1.53754000000000 1.05972800000000 0.967704800000000 0.882600800000000 0.821848900000000 0.791115800000000 0.718454400000000 0.803477300000000 0.741747900000000 0.696436900000000 0.736507400000000 0.919382100000000 1.05749100000000 1.12295200000000 1.11908500000000 1.11142300000000 1.14263800000000 1.14364700000000 1.10128000000000 1.28433800000000 1.28694900000000 1.26891300000000 1.34977400000000 1.45223200000000 1.42807000000000 1.38498500000000 1.38298700000000 1.47252900000000 1.56692500000000
1.85585000000000 1.69034400000000 1.72289200000000 1.57989100000000 1.58004300000000 1.75106000000000 1.84768200000000 2.00276700000000 2.13536800000000 2.04696500000000 2.10011100000000 2.29174800000000 2.51693500000000 3.17524000000000 3.68227200000000 3.18826000000000 2.02268500000000 1.22932100000000 1.07682400000000 0.983058900000000 0.855944600000000 0.747407900000000 0.881512600000000 0.867258100000000 0.834503200000000 0.785153400000000 0.742809300000000 0.719293600000000 0.776900300000000 0.936207800000000 1.00048800000000 1.01787100000000 1.05515300000000 1.09382200000000 1.17081500000000 1.42269600000000 1.81864100000000 1.84313600000000 1.88116400000000 2.06808400000000 2.01891200000000 2.05059800000000 2.03932200000000 1.89746400000000 1.81429500000000
2.00031700000000 1.86827300000000 1.90089800000000 1.49418100000000 1.68016100000000 2.25177400000000 2.58664700000000 2.65947700000000 2.65998200000000 2.83557100000000 3.07804200000000 3.30716000000000 3.28057700000000 3.63000700000000 3.85644300000000 3.39268300000000 2.29879500000000 1.31018600000000 1.12475100000000 0.944790800000000 0.720167200000000 0.807107900000000 0.872507100000000 0.918845200000000 0.922433900000000 0.889757200000000 0.861916500000000 0.851578700000000 0.855748200000000 0.848586100000000 0.906869900000000 1.05829600000000 1.19224300000000 1.11946100000000 1.30658600000000 1.45982800000000 1.73674000000000 1.87999500000000 1.94570800000000 2.08978500000000 2.18130600000000 2.24845900000000 2.38743100000000 2.40159600000000 1.84952100000000
2.05189000000000 2.10244700000000 1.82447100000000 1.56374000000000 2.35981600000000 2.82585900000000 2.98261400000000 3.00602100000000 2.97059100000000 3.08803700000000 3.20736200000000 3.41346200000000 3.44859900000000 3.78769500000000 4.00768600000000 3.79892600000000 2.72651500000000 1.41866300000000 1.12049300000000 0.821038200000000 0.748992900000000 0.783818200000000 0.817033800000000 0.891950600000000 0.922656100000000 0.969616900000000 0.937854800000000 0.916064300000000 0.923604000000000 0.895173100000000 0.897632600000000 0.913380600000000 1.04383400000000 1.10918800000000 1.21991400000000 1.30174800000000 1.33829900000000 1.61226200000000 1.78363100000000 2.03462400000000 2.24740100000000 2.44776500000000 2.66745700000000 2.64349700000000 1.88207900000000
1.95512300000000 1.70082700000000 1.65173000000000 1.71720200000000 2.28304000000000 2.75215500000000 2.90875400000000 3.02997900000000 3.11326700000000 3.18044200000000 3.26021400000000 3.44579100000000 3.13524200000000 3.14327700000000 3.48756400000000 3.97267100000000 3.41678800000000 1.48905300000000 1.22087500000000 0.976088500000000 0.920948000000000 0.777179700000000 0.773977300000000 0.855846400000000 0.889321300000000 0.925906200000000 0.935770000000000 0.998229000000000 1.01107800000000 0.945555700000000 0.890594500000000 0.952917100000000 0.846159900000000 0.897620200000000 0.998206100000000 1.00452300000000 1.01047700000000 1.22141000000000 1.35471800000000 1.61420400000000 1.88545800000000 2.13336400000000 2.42515200000000 2.34581900000000 1.88821000000000
2.00000600000000 1.60741600000000 1.48871900000000 1.30307600000000 1.47999100000000 1.83642200000000 2.17287100000000 2.62334300000000 3.04306700000000 3.20328400000000 3.24792700000000 2.73230100000000 1.87479200000000 1.60635100000000 1.56983700000000 1.64021800000000 2.13143700000000 2.39936500000000 1.39107300000000 1.13537100000000 1.05212400000000 0.949580200000000 0.832712200000000 0.732049000000000 0.777706100000000 0.885949100000000 0.926600500000000 1.01906400000000 1.07596200000000 1.00021100000000 0.883582100000000 0.951211000000000 0.892869900000000 0.923390400000000 0.939607600000000 0.933015800000000 1.05112000000000 1.08635600000000 1.07099100000000 1.01758900000000 1.10559800000000 1.13355300000000 1.29030300000000 1.39194900000000 1.57417300000000
1.70669400000000 1.53718900000000 1.53011600000000 1.31997200000000 1.31935200000000 1.34332000000000 1.46310600000000 1.51813000000000 1.62073600000000 1.89815000000000 1.85620600000000 1.74658700000000 2.18142500000000 1.63649600000000 1.47624200000000 1.39260500000000 2.52202100000000 3.23468900000000 1.49393700000000 1.27691200000000 1.17935900000000 1.09012500000000 0.992495500000000 0.864702200000000 0.691427200000000 0.796971300000000 0.936047600000000 1.01008700000000 1.03419500000000 0.959610000000000 1.03713000000000 0.880952800000000 1.06454600000000 1.16200300000000 1.16873600000000 1.12098500000000 1.11836100000000 1.18685000000000 1.19247300000000 1.14554000000000 1.10850700000000 1.13979800000000 1.22712600000000 1.21915300000000 1.35330600000000
1.57204700000000 1.74663400000000 1.51128000000000 1.41076900000000 1.40324300000000 1.38169000000000 1.49320700000000 1.50770300000000 1.59982200000000 1.65995100000000 1.84671600000000 1.88433600000000 2.27615700000000 2.66667700000000 2.10782300000000 1.44891300000000 1.60263600000000 1.98399300000000 1.70777700000000 1.47341800000000 1.31715700000000 1.19799300000000 1.07621300000000 0.893088300000000 0.776368100000000 0.740250600000000 0.856154400000000 0.967489200000000 0.974170700000000 0.930696500000000 0.954283700000000 0.882378600000000 0.975156800000000 1.09073400000000 1.23128800000000 1.33879900000000 1.30796400000000 1.34476200000000 1.30651500000000 1.24234500000000 1.18593000000000 1.23822200000000 1.30968300000000 1.34455100000000 1.43748100000000
1.81062900000000 1.87428400000000 1.62079400000000 1.51540800000000 1.52743400000000 1.51690600000000 1.55817000000000 1.54108000000000 1.57028800000000 1.65407400000000 1.68293300000000 1.71786000000000 1.92113700000000 2.13172100000000 3.08258200000000 2.54962900000000 1.82927200000000 1.88481800000000 1.78170300000000 1.60636800000000 1.45167400000000 1.28162700000000 1.10734200000000 0.955432900000000 0.832019800000000 0.866687800000000 1.08959900000000 1.07316500000000 1.09304200000000 1.13068600000000 0.786624000000000 0.724254600000000 0.764473000000000 0.831424700000000 0.925408400000000 1.04943900000000 1.16786100000000 1.22587600000000 1.32922800000000 1.34246100000000 1.36072500000000 1.47962900000000 1.47510400000000 1.54326200000000 1.57366400000000
