data-raw/wwl Heksenlaak/RasterHeks/input/MV_MIN_GLG_L1_REF.ASC
NCOLS                  100
NROWS                  100
XLLCORNER        226500.0
YLLCORNER        460500.0
CELLSIZE         25.00000
NODATA_VALUE    -9999.000
[rows 80 to 99 of 100, columns 45 to 89 of 100]
1.96186600000000 1.96941700000000 1.69913200000000 1.56067800000000 1.58435300000000 1.57801300000000 1.69553900000000 1.61457500000000 1.63936800000000 1.68165900000000 1.69008800000000 1.70052100000000 1.70011200000000 2.23119400000000 2.22129500000000 2.74487100000000 1.94396900000000 1.84924900000000 1.76504600000000 1.64225000000000 1.51740000000000 1.32388100000000 1.15903800000000 1.01400400000000 0.874591800000000 1.01198200000000 1.17915600000000 1.27862000000000 1.22306200000000 0.899869900000000 0.778475800000000 0.889495800000000 0.897469500000000 0.937629700000000 0.949040400000000 0.924139000000000 0.984296800000000 1.12794800000000 1.28014600000000 1.36040600000000 1.45756900000000 1.54163900000000 1.49515600000000 1.58601600000000 1.71236400000000
1.86996600000000 1.86402900000000 1.67838100000000 1.54829700000000 1.57003000000000 1.57780100000000 1.67390100000000 1.63976900000000 1.70550400000000 1.75310000000000 1.73610600000000 1.74333900000000 1.64475000000000 2.05248200000000 2.73378300000000 2.72245400000000 2.34266700000000 1.84114400000000 1.74435500000000 1.61242300000000 1.48417400000000 1.35293700000000 1.19354200000000 1.03849800000000 0.930216800000000 1.14366100000000 1.15366700000000 0.986972800000000 0.982676500000000 0.923404700000000 0.792123800000000 0.947007200000000 1.00485700000000 0.999517400000000 1.01483600000000 1.05910400000000 1.13313500000000 1.17524500000000 1.33415600000000 1.50620500000000 1.56452200000000 1.58186100000000 1.57936700000000 1.62077600000000 1.76202700000000
1.65531100000000 1.59101500000000 1.47476100000000 1.44588700000000 1.46706000000000 1.43462700000000 1.53961000000000 1.69396700000000 1.66405200000000 1.72243800000000 1.76915100000000 1.70165100000000 1.59283700000000 2.00463000000000 2.53698700000000 2.77178300000000 3.43430500000000 2.61774700000000 1.77773400000000 1.57379300000000 1.48008100000000 1.35668500000000 1.25059100000000 1.20850300000000 1.14751100000000 0.970677400000000 1.00856400000000 0.997536700000000 0.960203200000000 0.957673100000000 0.777176900000000 0.847144100000000 0.855889300000000 0.863928800000000 0.894792600000000 0.952147500000000 1.03300800000000 1.10164500000000 1.33478800000000 1.59157500000000 1.64221600000000 1.66851100000000 1.65244700000000 1.62163400000000 1.80709600000000
1.56965300000000 1.51423900000000 1.35617200000000 1.36115900000000 1.39461500000000 1.37100500000000 1.40569700000000 1.70490000000000 1.65697300000000 1.63372700000000 1.60055400000000 1.64857300000000 1.57553600000000 1.79785900000000 2.51318400000000 2.43013500000000 2.69578700000000 3.58539400000000 2.30462800000000 1.69402400000000 1.51890600000000 1.60384000000000 1.50026000000000 1.26231700000000 1.14449500000000 1.06433800000000 1.08054800000000 1.07146500000000 0.992289500000000 0.966658600000000 0.792223000000000 0.933906600000000 0.915396700000000 0.852537200000000 0.862411500000000 0.862419100000000 0.853606200000000 0.886264800000000 2.00833000000000 2.30168800000000 2.16779300000000 2.05029600000000 1.82094600000000 1.66324200000000 1.75752400000000
1.70152800000000 1.65093900000000 1.52770700000000 1.44783600000000 1.39691300000000 1.37130600000000 1.32872200000000 1.53058300000000 1.55286700000000 1.51609000000000 1.48084700000000 1.56285500000000 1.59816700000000 1.82017000000000 2.50913800000000 2.46692500000000 2.09346900000000 3.05554000000000 3.09032600000000 1.99431400000000 2.27638600000000 1.88702400000000 1.49934400000000 1.50127700000000 1.25992200000000 1.16396700000000 1.13866400000000 1.12492900000000 1.00183300000000 0.917658800000000 0.814842200000000 1.04439000000000 1.16350700000000 1.14145100000000 0.978898000000000 1.04440800000000 0.978330600000000 1.31740600000000 2.64201800000000 2.72557900000000 2.44141500000000 2.34300700000000 2.11207500000000 2.05893600000000 1.80685300000000
1.71410100000000 1.72519200000000 1.58888800000000 1.60172400000000 1.50986100000000 1.37430100000000 1.30873900000000 1.50884900000000 1.59534500000000 1.53577500000000 1.48537600000000 1.53936700000000 1.68382300000000 1.83285200000000 2.50408400000000 2.68137900000000 2.05055300000000 2.53209500000000 3.24264800000000 1.94943800000000 2.00318000000000 2.43079000000000 2.40398700000000 2.05801900000000 1.52394200000000 1.27577700000000 1.15221200000000 1.09447900000000 1.02911700000000 0.839503300000000 0.957140000000000 1.21947500000000 1.27147700000000 1.15798900000000 0.994293200000000 1.08570800000000 0.970605900000000 1.67335400000000 2.44704700000000 2.46599400000000 2.51185500000000 2.54485600000000 2.39041700000000 2.16948400000000 1.79189400000000
1.83348700000000 1.78832300000000 1.61923300000000 1.52613600000000 1.51612500000000 1.38359900000000 1.42761800000000 1.51503500000000 1.62144600000000 1.52527100000000 1.46695900000000 1.54129300000000 1.72635800000000 1.83092200000000 2.46672700000000 2.66775900000000 2.48928500000000 2.52581600000000 3.90960700000000 1.97399400000000 1.69881600000000 2.20162100000000 2.73167200000000 3.26020800000000 3.24225900000000 1.68015200000000 1.48859000000000 1.32924500000000 1.09421900000000 0.811378500000000 1.02060700000000 1.20992400000000 1.17545500000000 0.981293700000000 1.05338000000000 1.03318400000000 0.908896400000000 1.02625500000000 1.84403200000000 2.45944600000000 2.50113200000000 2.31729600000000 2.28325900000000 2.23573300000000 1.83242400000000
2.92781100000000 1.84405200000000 1.67411000000000 1.46414500000000 1.52715900000000 1.40464200000000 1.65934800000000 1.50487500000000 1.53113100000000 1.43306300000000 1.41000700000000 1.51679000000000 1.65517500000000 1.90168200000000 2.45920300000000 2.72961300000000 2.44772700000000 2.30840200000000 4.04528000000000 2.49347600000000 1.52612900000000 2.05500900000000 2.61946300000000 2.92081900000000 3.24632700000000 2.83235900000000 1.63920300000000 1.43654300000000 1.18463500000000 0.842509300000000 1.06554800000000 1.14113700000000 0.996300700000000 0.987872100000000 1.05630100000000 0.959786400000000 0.892458900000000 0.901990900000000 0.957322100000000 1.39764700000000 2.10727600000000 2.32747900000000 2.15014500000000 2.16492700000000 1.85138200000000
3.23653100000000 2.09546800000000 1.73278300000000 1.58333300000000 1.59299700000000 1.54969000000000 1.59969200000000 1.50124200000000 1.46548400000000 1.41840800000000 1.49596800000000 1.65417600000000 1.78254200000000 2.07708200000000 2.39772000000000 2.61815600000000 2.21061700000000 2.20573900000000 3.91853500000000 3.00464600000000 1.50691600000000 1.94476300000000 2.73880000000000 2.81069600000000 3.04037500000000 2.63977400000000 1.78082800000000 1.43151500000000 1.15347600000000 0.849244100000000 1.10380300000000 1.07272100000000 0.933737800000000 1.05572200000000 0.985268600000000 0.925519000000000 0.910994500000000 0.956392300000000 1.00203400000000 1.12244400000000 1.21254000000000 1.62440600000000 1.77532600000000 1.62602100000000 1.55617200000000
3.17459800000000 2.14987900000000 1.85285600000000 1.89940100000000 1.63471500000000 1.52393700000000 1.59439800000000 1.52200300000000 1.38094500000000 1.45150900000000 1.60644200000000 1.99336600000000 2.15808600000000 2.38506300000000 2.48331100000000 2.48254900000000 2.30363300000000 2.42542000000000 3.93905100000000 2.74327000000000 1.52987100000000 1.99155100000000 2.59069400000000 2.97395400000000 3.01252300000000 2.64955500000000 2.12184600000000 1.64784500000000 1.08900700000000 0.971625300000000 1.11266500000000 0.940341000000000 1.00209800000000 1.01389400000000 0.937709800000000 0.896968800000000 0.969904900000000 1.01430400000000 1.07206300000000 1.22216500000000 1.23127600000000 1.29662100000000 1.42912000000000 1.29754800000000 1.34008200000000
3.19011900000000 2.24009900000000 1.91980700000000 1.85278900000000 1.66582900000000 1.49362900000000 1.55393200000000 1.66448600000000 1.47703800000000 1.75958800000000 2.07745600000000 2.23142300000000 2.28857700000000 2.23732100000000 2.44534300000000 2.38884000000000 2.56146600000000 3.01627300000000 4.02333900000000 2.08886700000000 1.56205900000000 1.94876700000000 2.38270300000000 2.64930000000000 3.35681100000000 2.87358000000000 2.06259800000000 1.68687700000000 1.43268800000000 1.26720400000000 1.09477900000000 0.946691500000000 1.13543800000000 1.19147400000000 1.04689200000000 1.09045000000000 1.15184500000000 1.22812400000000 1.38468900000000 1.38470700000000 1.35382500000000 1.17350800000000 1.22816500000000 1.33490300000000 1.33889700000000
3.21233900000000 2.44492700000000 1.87116000000000 1.87559900000000 1.67902300000000 1.82849100000000 1.80451200000000 1.82289800000000 1.93754700000000 2.19156700000000 2.19340800000000 2.23262500000000 2.29305700000000 2.35953400000000 2.39436400000000 2.31008100000000 2.56911400000000 3.28863200000000 3.88029200000000 1.63320400000000 1.49217500000000 1.71813200000000 2.20522900000000 2.56672400000000 2.98558700000000 2.81049500000000 2.45529700000000 2.03432700000000 1.29023800000000 1.42747900000000 1.30734100000000 1.14649100000000 1.19587500000000 1.22560600000000 1.35525800000000 1.43908400000000 1.35562700000000 1.38550800000000 1.42493600000000 1.31253300000000 1.37000400000000 1.31484900000000 1.37324300000000 1.39982900000000 1.33139000000000
3.42985700000000 2.68903600000000 1.87272700000000 1.88254100000000 1.95341300000000 2.34644000000000 2.51115200000000 2.39329800000000 2.31560100000000 2.33642600000000 2.22581400000000 2.08312000000000 2.47510800000000 2.55491100000000 2.28122500000000 2.38248000000000 2.64835300000000 3.33969100000000 2.65130000000000 1.51511700000000 1.48749900000000 1.52515300000000 2.02912100000000 3.01045900000000 3.38307800000000 3.26086300000000 2.66571700000000 1.96608600000000 1.34359700000000 1.53764300000000 1.33377200000000 1.36378300000000 1.37492600000000 1.33335100000000 1.37973700000000 1.35431800000000 1.39873400000000 1.37432600000000 1.29692500000000 1.25816200000000 1.25956700000000 1.25926400000000 1.28582700000000 1.22183200000000 1.22616700000000
3.74049100000000 3.95730100000000 3.82061700000000 3.36819400000000 2.24881600000000 2.36514600000000 2.40719900000000 2.54760600000000 2.42035400000000 2.29946700000000 2.11772500000000 2.33157000000000 2.56305800000000 2.39156200000000 2.25367000000000 2.43581400000000 3.26983600000000 3.91969300000000 2.08072600000000 1.51858400000000 1.56851300000000 1.87536000000000 2.88598400000000 3.70678300000000 4.19546100000000 3.41170100000000 2.49934100000000 1.94238500000000 1.46119500000000 1.60483400000000 1.65563000000000 1.53911000000000 1.43314400000000 1.49085300000000 1.46870800000000 1.55293900000000 1.54848100000000 1.42982700000000 1.33585700000000 1.26769500000000 1.24953900000000 1.21863600000000 1.22262900000000 1.20052400000000 1.23392100000000
4.08387400000000 4.24435100000000 3.51287000000000 2.81159200000000 2.52898100000000 2.55133400000000 2.78278000000000 2.48684100000000 2.36034300000000 2.36779000000000 2.44793200000000 2.60896800000000 2.59239300000000 2.34403600000000 2.30523300000000 2.53118300000000 2.90388200000000 3.25961700000000 1.90271000000000 1.45794500000000 1.85153100000000 3.25898600000000 3.96463700000000 4.23159400000000 4.32417200000000 3.24425900000000 2.17606600000000 1.80993500000000 1.31740200000000 1.59041300000000 1.69588300000000 1.66125100000000 1.54517300000000 1.31027600000000 1.40001100000000 1.59030300000000 1.65718500000000 1.49839800000000 1.54521900000000 1.42887900000000 1.35033700000000 1.33641100000000 1.26073100000000 1.20650000000000 1.22870200000000
3.94058400000000 3.13938000000000 2.60808800000000 2.92975500000000 3.15340800000000 3.49248400000000 2.97560400000000 2.54968500000000 2.44266800000000 2.51143900000000 2.67439700000000 2.66447300000000 2.56086300000000 2.36987900000000 2.52028400000000 3.31720200000000 3.38119700000000 2.88277200000000 2.36075100000000 2.31069900000000 3.00520600000000 3.72592000000000 3.54985000000000 3.92951400000000 4.04415200000000 3.22407000000000 2.19669300000000 1.77444300000000 1.24113500000000 1.35165700000000 1.36944000000000 1.32350100000000 1.29544500000000 1.27987700000000 1.29807200000000 1.30842400000000 1.42403500000000 1.54260600000000 1.52840000000000 1.50578500000000 1.65162500000000 1.51136900000000 1.40834500000000 1.24250100000000 1.22200300000000
2.77069500000000 2.26659700000000 2.65632000000000 3.15662900000000 3.47744100000000 3.70704400000000 2.98142500000000 2.66552400000000 2.53741900000000 2.44923400000000 2.65857700000000 2.47436100000000 2.42368200000000 2.31734200000000 2.70349800000000 3.01657400000000 3.39207500000000 2.44266200000000 2.81668200000000 3.41442400000000 3.52586000000000 3.51672700000000 3.41334900000000 3.59586400000000 3.70629100000000 3.11924500000000 2.27029500000000 1.79786000000000 1.18027200000000 1.26348000000000 1.12012900000000 1.03174500000000 0.989033700000000 1.03786800000000 1.16947800000000 1.20198800000000 1.19841700000000 1.27383200000000 1.57255600000000 1.55557300000000 1.67336300000000 1.62651600000000 1.55351400000000 1.35613000000000 1.22678000000000
2.08733400000000 1.94875500000000 2.46961600000000 3.12366300000000 3.95929400000000 3.17782100000000 2.66275000000000 2.54151900000000 2.32422600000000 2.36031200000000 2.32870500000000 2.40092200000000 2.43304300000000 2.46964300000000 3.50387100000000 3.56647100000000 2.61240600000000 2.69364600000000 4.03931000000000 3.57901300000000 3.26720000000000 3.24682500000000 3.23390800000000 3.33039800000000 3.28879300000000 2.81014800000000 2.17320200000000 1.68813300000000 1.19835200000000 1.35570000000000 1.33419600000000 1.23155700000000 1.18736400000000 1.10363600000000 0.990813300000000 0.989766100000000 0.962172500000000 1.01869100000000 0.915857300000000 1.20758500000000 1.53631100000000 1.64957800000000 1.71308900000000 1.56836200000000 1.36025700000000
2.33525700000000 2.08765200000000 2.54841100000000 3.65561800000000 3.83581200000000 2.80905900000000 2.28595400000000 2.33004700000000 2.29810800000000 2.23282100000000 2.21777900000000 2.38220200000000 2.59131500000000 2.94096300000000 3.61140500000000 3.25309600000000 2.90981400000000 2.68949900000000 2.86426100000000 2.92763300000000 3.01485600000000 3.00084600000000 3.05679300000000 2.96848800000000 2.56218700000000 1.78016300000000 1.31736900000000 1.27110600000000 1.10592500000000 1.30245700000000 1.33687500000000 1.32001400000000 1.27620600000000 1.22890300000000 1.18753100000000 1.09718300000000 1.02361700000000 0.957144700000000 0.803412400000000 0.835945100000000 1.04265600000000 1.32507300000000 1.60933800000000 1.64643900000000 1.49451100000000
2.49460800000000 2.36104200000000 3.34586100000000 3.92482700000000 4.26517900000000 2.88903100000000 2.13362600000000 2.00761700000000 2.28465100000000 2.25948700000000 2.25121800000000 2.61578800000000 2.95267600000000 2.96111000000000 2.89119400000000 3.92190900000000 3.11183500000000 2.71311000000000 2.76533100000000 2.72822500000000 2.73780600000000 2.56684800000000 2.30517500000000 1.89891100000000 1.33087700000000 1.11913300000000 0.989904400000000 1.07226800000000 1.08435700000000 1.20476200000000 1.26096200000000 1.26672800000000 1.28278100000000 1.28337800000000 1.30997000000000 1.23594300000000 1.15853900000000 1.08725100000000 1.05073800000000 1.00231900000000 1.02998800000000 1.00877700000000 1.28847500000000 1.61455800000000 1.63101900000000
